1 2.94371 7509 0.000495114
2 2.99988 11732 0.000773563
3 3.05605 17005 0.00112124
4 3.11222 22971 0.00151462
5 3.16839 28715 0.00189336
6 3.22456 32856 0.0021664
7 3.28072 35501 0.0023408
8 3.33689 35829 0.00236243
9 3.39306 34036 0.0022442
10 3.44923 30442 0.00200723
11 3.5054 26727 0.00176228
12 3.56157 22678 0.0014953
13 3.61774 19769 0.00130349
14 3.67391 18240 0.00120268
15 3.73007 18298 0.0012065
16 3.78624 19242 0.00126874
17 3.84241 20930 0.00138004
18 3.89858 22796 0.00150308
19 3.95475 24668 0.00162651
20 4.01092 26009 0.00171493
21 4.06709 26685 0.00175951
22 4.12326 26597 0.0017537
23 4.17942 25355 0.00167181
24 4.23559 23620 0.00155741
25 4.29176 20951 0.00138143
26 4.34793 18716 0.00123406
27 4.4041 16340 0.0010774
28 4.46027 15129 0.000997548
29 4.51644 15603 0.0010288
30 4.57261 18608 0.00122694
31 4.62877 23478 0.00154805
32 4.68494 30102 0.00198481
33 4.74111 37439 0.00246858
34 4.79728 43205 0.00284877
35 4.85345 44908 0.00296106
36 4.90962 42146 0.00277894
37 4.96579 35278 0.0023261
38 5.02196 26932 0.00177579
39 5.07812 18477 0.0012183
40 5.13429 11273 0.000743298
41 5.19046 6226 0.000410518
42 5.24663 3107 0.000204864
43 5.3028 1332 8.78269e-05
44 5.35897 615 4.05507e-05
45 5.41514 195 1.28575e-05
46 5.47131 52 3.42868e-06
47 5.52747 21 1.38466e-06
48 5.58364 6 3.95617e-07
49 5.63981 0 0
50 5.69598 9 5.93425e-07
51 5.75215 25 1.6484e-06
52 5.80832 106 6.98923e-06
53 5.86449 333 2.19567e-05
54 5.92066 967 6.37602e-05
55 5.97682 2228 0.000146906
56 6.03299 4767 0.000314318
57 6.08916 9343 0.000616041
58 6.14533 16072 0.00105973
59 6.2015 24794 0.00163482
60 6.25767 34063 0.00224598
61 6.31384 41435 0.00273206
62 6.37001 45345 0.00298987
63 6.42617 44694 0.00294695
64 6.48234 39053 0.002575
65 6.53851 31658 0.00208741
66 6.59468 24356 0.00160594
67 6.65085 18492 0.00121929
68 6.70702 15663 0.00103276
69 6.76319 15460 0.00101937
70 6.81936 17377 0.00114577
71 6.87552 20490 0.00135103
72 6.93169 24261 0.00159968
73 6.98786 27984 0.00184516
74 7.04403 30710 0.0020249
75 7.1002 31642 0.00208635
76 7.15637 31173 0.00205543
77 7.21254 29184 0.00192428
78 7.26871 25451 0.00167814
79 7.32487 21116 0.00139231
80 7.38104 16716 0.00110219
81 7.43721 12428 0.000819454
82 7.49338 9383 0.000618679
83 7.54955 8243 0.000543512
84 7.60572 9215 0.000607602
85 7.66189 13079 0.000862379
86 7.71806 19536 0.00128813
87 7.77422 28919 0.00190681
88 7.83039 38280 0.00252404
89 7.88656 45393 0.00299304
90 7.94273 47946 0.00316137
91 7.9989 44395 0.00292723
92 8.05507 36122 0.00238175
93 8.11124 25617 0.00168909
94 8.16741 16422 0.0010828
95 8.22357 9454 0.00062336
96 8.27974 4691 0.000309306
97 8.33591 2127 0.000140246
98 8.39208 854 5.63095e-05
99 8.44825 307 2.02424e-05
100 8.50442 89 5.86832e-06
101 8.56059 28 1.84621e-06
102 8.61676 8 5.27489e-07
103 8.67292 4 2.63745e-07
104 8.72909 20 1.31872e-06
105 8.78526 60 3.95617e-06
106 8.84143 195 1.28575e-05
107 8.8976 606 3.99573e-05
108 8.95377 1489 9.81789e-05
109 9.00994 3602 0.000237502
110 9.0661 7351 0.000484697
111 9.12227 13670 0.000901347
112 9.17844 22673 0.00149497
113 9.23461 32732 0.00215822
114 9.29078 41150 0.00271327
115 9.34695 47165 0.00310988
116 9.40312 46754 0.00308278
117 9.45929 41594 0.00274255
118 9.51545 32444 0.00213923
119 9.57162 22327 0.00147216
120 9.62779 14661 0.00096669
121 9.68396 9636 0.000635361
122 9.74013 7704 0.000507972
123 9.7963 8410 0.000554523
124 9.85247 10859 0.000716001
125 9.90864 14676 0.000967679
126 9.9648 19961 0.00131615
127 10.021 25113 0.00165585
128 10.0771 29540 0.00194775
129 10.1333 32622 0.00215097
130 10.1895 34124 0.00225
131 10.2456 32953 0.00217279
132 10.3018 30426 0.00200617
133 10.358 25951 0.00171111
134 10.4142 21147 0.00139435
135 10.4703 16700 0.00110113
136 10.5265 13374 0.00088183
137 10.5827 12230 0.000806399
138 10.6388 13599 0.000896666
139 10.695 18813 0.00124046
140 10.7512 27110 0.00178753
141 10.8073 36730 0.00242183
142 10.8635 45315 0.0029879
143 10.9197 48557 0.00320166
144 10.9758 46985 0.00309801
145 11.032 39122 0.00257955
146 11.0882 28997 0.00191195
147 11.1443 18773 0.00123782
148 11.2005 10629 0.000700835
149 11.2567 5326 0.000351176
150 11.3129 2277 0.000150137
151 11.369 895 5.90128e-05
152 11.4252 314 2.07039e-05
153 11.4814 104 6.85736e-06
154 11.5375 29 1.91215e-06
155 11.5937 7 4.61553e-07
156 11.6499 0 0
157 11.706 1 6.59361e-08
158 11.7622 5 3.29681e-07
159 11.8184 16 1.05498e-06
160 11.8745 49 3.23087e-06
161 11.9307 116 7.64859e-06
162 11.9869 538 3.54736e-05
163 12.043 1337 8.81566e-05
164 12.0992 3399 0.000224117
165 12.1554 7297 0.000481136
166 12.2116 13842 0.000912688
167 12.2677 23021 0.00151792
168 12.3239 34351 0.00226497
169 12.3801 44177 0.00291286
170 12.4362 49210 0.00324472
171 12.4924 48480 0.00319658
172 12.5486 41833 0.00275831
173 12.6047 31962 0.00210745
174 12.6609 22207 0.00146424
175 12.7171 15758 0.00103902
176 12.7732 12462 0.000821696
177 12.8294 12311 0.00081174
178 12.8856 14849 0.000979086
179 12.9417 18887 0.00124534
180 12.9979 23504 0.00154976
181 13.0541 27820 0.00183434
182 13.1103 32037 0.0021124
183 13.1664 33660 0.00221941
184 13.2226 33594 0.00221506
185 13.2788 30807 0.00203129
186 13.3349 27331 0.0018021
187 13.3911 22638 0.00149266
188 13.4473 17502 0.00115401
189 13.5034 12829 0.000845895
190 13.5596 9454 0.00062336
191 13.6158 7662 0.000505203
192 13.6719 8197 0.000540479
193 13.7281 11481 0.000757013
194 13.7843 18344 0.00120953
195 13.8404 27337 0.0018025
196 13.8966 36819 0.0024277
197 13.9528 44696 0.00294708
198 14.009 48066 0.00316929
199 14.0651 45534 0.00300234
200 14.1213 38240 0.0025214
201 14.1775 27502 0.00181338
202 14.2336 17611 0.0011612
203 14.2898 10019 0.000660614
204 14.346 5132 0.000338384
205 14.4021 2260 0.000149016
206 14.4583 866 5.71007e-05
207 14.5145 318 2.09677e-05
208 14.5706 107 7.05517e-06
209 14.6268 23 1.51653e-06
210 14.683 5 3.29681e-07
211 14.7391 6 3.95617e-07
212 14.7953 15 9.89042e-07
213 14.8515 51 3.36274e-06
214 14.9077 217 1.43081e-05
215 14.9638 553 3.64627e-05
216 15.02 1420 9.36293e-05
217 15.0762 3289 0.000216864
218 15.1323 6745 0.000444739
219 15.1885 13058 0.000860994
220 15.2447 21252 0.00140127
221 15.3008 30871 0.00203551
222 15.357 40261 0.00265465
223 15.4132 45396 0.00299324
224 15.4693 46605 0.00307295
225 15.5255 42111 0.00277664
226 15.5817 33769 0.0022266
227 15.6378 24649 0.00162526
228 15.694 16269 0.00107272
229 15.7502 10998 0.000725166
230 15.8064 8692 0.000573117
231 15.8625 8742 0.000576414
232 15.9187 10711 0.000706242
233 15.9749 14531 0.000958118
234 16.031 18770 0.00123762
235 16.0872 23411 0.00154363
236 16.1434 27556 0.00181694
237 16.1995 30534 0.00201329
238 16.2557 32011 0.00211068
239 16.3119 31418 0.00207158
240 16.368 29270 0.00192995
241 16.4242 26428 0.00174256
242 16.4804 22269 0.00146833
243 16.5365 18868 0.00124408
244 16.5927 16046 0.00105801
245 16.6489 15350 0.00101212
246 16.7051 16862 0.00111182
247 16.7612 21220 0.00139916
248 16.8174 27783 0.0018319
249 16.8736 35217 0.00232207
250 16.9297 41603 0.00274314
251 16.9859 44806 0.00295433
252 17.0421 43780 0.00288668
253 17.0982 38302 0.00252549
254 17.1544 29398 0.00193839
255 17.2106 20524 0.00135327
256 17.2667 12678 0.000835938
257 17.3229 7183 0.000473619
258 17.3791 3539 0.000233348
259 17.4352 1598 0.000105366
260 17.4914 597 3.93639e-05
261 17.5476 191 1.25938e-05
262 17.6038 60 3.95617e-06
263 17.6599 18 1.18685e-06
264 17.7161 4 2.63745e-07
265 17.7723 0 0
266 17.8284 10 6.59361e-07
267 17.8846 35 2.30776e-06
268 17.9408 118 7.78046e-06
269 17.9969 292 1.92534e-05
270 18.0531 857 5.65073e-05
271 18.1093 1995 0.000131543
272 18.1654 4213 0.000277789
273 18.2216 8338 0.000549776
274 18.2778 14234 0.000938535
275 18.3339 22514 0.00148449
276 18.3901 31252 0.00206064
277 18.4463 39488 0.00260369
278 18.5025 44453 0.00293106
279 18.5586 44607 0.00294121
280 18.6148 40783 0.00268907
281 18.671 34472 0.00227295
282 18.7271 27005 0.00178061
283 18.7833 20673 0.0013631
284 18.8395 16679 0.00109975
285 18.8956 14977 0.000987526
286 18.9518 15367 0.00101324
287 19.008 17331 0.00114274
288 19.0641 19634 0.00129459
289 19.1203 22407 0.00147743
290 19.1765 24378 0.00160739
291 19.2326 26082 0.00171975
292 19.2888 26465 0.001745
293 19.345 26536 0.00174968
294 19.4012 25449 0.00167801
295 19.4573 23431 0.00154495
296 19.5135 21638 0.00142673
297 19.5697 20112 0.00132611
298 19.6258 18469 0.00121777
299 19.682 18034 0.00118909
300 19.7382 18813 0.00124046
301 19.7943 20839 0.00137404
302 19.8505 24172 0.00159381
303 19.9067 28809 0.00189955
304 19.9628 32759 0.00216
305 20.019 35181 0.0023197
306 20.0752 36508 0.0024072
307 20.1313 34937 0.00230361
308 20.1875 31266 0.00206156
309 20.2437 25729 0.00169647
310 20.2999 20030 0.0013207
311 20.356 14372 0.000947634
312 20.4122 9421 0.000621184
313 20.4684 5814 0.000383353
314 20.5245 3373 0.000222403
315 20.5807 1731 0.000114135
316 20.6369 839 5.53204e-05
317 20.693 364 2.40008e-05
318 20.7492 198 1.30554e-05
319 20.8054 208 1.37147e-05
320 20.8615 390 2.57151e-05
321 20.9177 811 5.34742e-05
322 20.9739 1811 0.00011941
323 21.03 3282 0.000216402
324 21.0862 5868 0.000386913
325 21.1424 9548 0.000629558
326 21.1986 14028 0.000924952
327 21.2547 19365 0.00127685
328 21.3109 24456 0.00161253
329 21.3671 28882 0.00190437
330 21.4232 32223 0.00212466
331 21.4794 32903 0.0021695
332 21.5356 32430 0.00213831
333 21.5917 30115 0.00198567
334 21.6479 26254 0.00173109
335 21.7041 22105 0.00145752
336 21.7602 17446 0.00115032
337 21.8164 13618 0.000897918
338 21.8726 10023 0.000660878
339 21.9287 7525 0.000496169
340 21.9849 5549 0.00036588
341 22.0411 4818 0.00031768
342 22.0973 4949 0.000326318
343 22.1534 5846 0.000385463
344 22.2096 7441 0.000490631
345 22.2658 9283 0.000612085
346 22.3219 11899 0.000784574
347 22.3781 14298 0.000942755
348 22.4343 16199 0.0010681
349 22.4904 18219 0.00120129
350 22.5466 18794 0.0012392
351 22.6028 19253 0.00126947
352 22.6589 19310 0.00127323
353 22.7151 18286 0.00120571
354 22.7713 17522 0.00115533
355 22.8274 15996 0.00105471
356 22.8836 14948 0.000985613
357 22.9398 13804 0.000910182
358 22.996 13247 0.000873456
359 23.0521 12778 0.000842532
360 23.1083 11970 0.000789256
361 23.1645 11817 0.000779167
362 23.2206 11808 0.000778574
363 23.2768 12034 0.000793475
364 23.333 11854 0.000781607
365 23.3891 11808 0.000778574
366 23.4453 12204 0.000804685
367 23.5015 12149 0.000801058
368 23.5576 12323 0.000812531
369 23.6138 12665 0.000835081
370 23.67 12602 0.000830927
371 23.7261 12779 0.000842598
372 23.7823 12610 0.000831455
373 23.8385 12484 0.000823147
374 23.8947 12638 0.000833301
375 23.9508 12761 0.000841411
376 24.007 12305 0.000811344
377 24.0632 12314 0.000811938
378 24.1193 12236 0.000806795
379 24.1755 12311 0.00081174
380 24.2317 12140 0.000800465
381 24.2878 12097 0.000797629
382 24.344 12220 0.00080574
383 24.4002 12404 0.000817872
384 24.4563 12477 0.000822685
385 24.5125 12798 0.000843851
386 24.5687 13097 0.000863566
387 24.6248 12998 0.000857038
388 24.681 13319 0.000878203
389 24.7372 13472 0.000888292
390 24.7934 13735 0.000905633
391 24.8495 13762 0.000907413
392 24.9057 13748 0.00090649
393 24.9619 13664 0.000900951
394 25.018 13870 0.000914534
395 25.0742 13576 0.000895149
396 25.1304 13523 0.000891654
397 25.1865 13346 0.000879984
398 25.2427 13336 0.000879324
399 25.2989 13275 0.000875302
400 25.355 13207 0.000870819
401 25.4112 13127 0.000865544
402 25.4674 13237 0.000872797
403 25.5235 13021 0.000858554
404 25.5797 12969 0.000855126
405 25.6359 13457 0.000887303
406 25.6921 13397 0.000883346
407 25.7482 13118 0.00086495
408 25.8044 13288 0.000876159
409 25.8606 13288 0.000876159
410 25.9167 13081 0.000862511
411 25.9729 13009 0.000857763
412 26.0291 13156 0.000867456
413 26.0852 13254 0.000873918
414 26.1414 13069 0.000861719
415 26.1976 13009 0.000857763
416 26.2537 13202 0.000870489
417 26.3099 13282 0.000875764
418 26.3661 13110 0.000864423
419 26.4222 13202 0.000870489
420 26.4784 13083 0.000862642
421 26.5346 13126 0.000865478
422 26.5908 13260 0.000874313
423 26.6469 13326 0.000878665
424 26.7031 13260 0.000874313
425 26.7593 13365 0.000881236
426 26.8154 13382 0.000882357
427 26.8716 13445 0.000886511
428 26.9278 13423 0.000885061
429 26.9839 13288 0.000876159
430 27.0401 13271 0.000875038
431 27.0963 13284 0.000875896
432 27.1524 13318 0.000878137
433 27.2086 13125 0.000865412
434 27.2648 13237 0.000872797
435 27.3209 13405 0.000883874
436 27.3771 13291 0.000876357
437 27.4333 13100 0.000863763
438 27.4895 13237 0.000872797
439 27.5456 13224 0.000871939
440 27.6018 13173 0.000868577
441 27.658 13135 0.000866071
442 27.7141 13328 0.000878797
443 27.7703 13273 0.00087517
444 27.8265 13014 0.000858093
445 27.8826 13153 0.000867258
446 27.9388 13024 0.000858752
447 27.995 12953 0.000854071
448 28.0511 13228 0.000872203
449 28.1073 13052 0.000860598
450 28.1635 13084 0.000862708
451 28.2196 13037 0.000859609
452 28.2758 13111 0.000864489
453 28.332 13096 0.0008635
454 28.3882 13358 0.000880775
455 28.4443 13289 0.000876225
456 28.5005 13015 0.000858159
457 28.5567 13263 0.000874511
458 28.6128 13144 0.000866665
459 28.669 13040 0.000859807
460 28.7252 13215 0.000871346
461 28.7813 13274 0.000875236
462 28.8375 13323 0.000878467
463 28.8937 13463 0.000887698
464 28.9498 13182 0.00086917
465 29.006 13244 0.000873258
466 29.0622 13264 0.000874577
467 29.1183 13389 0.000882819
468 29.1745 13245 0.000873324
469 29.2307 13285 0.000875962
470 29.2869 13243 0.000873192
471 29.343 13086 0.00086284
472 29.3992 13228 0.000872203
473 29.4554 13211 0.000871082
474 29.5115 12948 0.000853741
475 29.5677 13040 0.000859807
476 29.6239 13273 0.00087517
477 29.68 13208 0.000870885
478 29.7362 13146 0.000866796
479 29.7924 13018 0.000858357
480 29.8485 13002 0.000857302
481 29.9047 12941 0.00085328
482 29.9609 13141 0.000866467
483 30.017 13197 0.000870159
484 30.0732 13328 0.000878797
485 30.1294 13079 0.000862379
486 30.1856 12948 0.000853741
487 30.2417 13062 0.000861258
488 30.2979 13035 0.000859478
489 30.3541 13026 0.000858884
490 30.4102 13219 0.00087161
491 30.4664 13345 0.000879918
492 30.5226 13152 0.000867192
493 30.5787 13232 0.000872467
494 30.6349 13113 0.000864621
495 30.6911 13332 0.000879061
496 30.7472 13183 0.000869236
497 30.8034 12931 0.00085262
498 30.8596 12986 0.000856247
499 30.9157 13069 0.000861719
500 30.9719 13138 0.000866269
501 31.0281 13290 0.000876291
502 31.0843 13067 0.000861588
503 31.1404 13089 0.000863038
504 31.1966 13262 0.000874445
505 31.2528 13196 0.000870093
506 31.3089 13061 0.000861192
507 31.3651 13224 0.000871939
508 31.4213 13066 0.000861522
509 31.4774 13106 0.000864159
510 31.5336 13248 0.000873522
511 31.5898 13101 0.000863829
512 31.6459 13170 0.000868379
513 31.7021 13310 0.00087761
514 31.7583 13325 0.000878599
515 31.8144 13116 0.000864818
516 31.8706 13120 0.000865082
517 31.9268 13169 0.000868313
518 31.983 13156 0.000867456
519 32.0391 13148 0.000866928
520 32.0953 13251 0.00087372
521 32.1515 13341 0.000879654
522 32.2076 13067 0.000861588
523 32.2638 13201 0.000870423
524 32.32 13050 0.000860467
525 32.3761 13238 0.000872863
526 32.4323 13232 0.000872467
527 32.4885 13134 0.000866005
528 32.5446 13278 0.0008755
529 32.6008 13122 0.000865214
530 32.657 13035 0.000859478
531 32.7131 13157 0.000867522
532 32.7693 13176 0.000868775
533 32.8255 13149 0.000866994
534 32.8817 13021 0.000858554
535 32.9378 13239 0.000872929
536 32.994 13132 0.000865873
537 33.0502 13242 0.000873126
538 33.1063 13055 0.000860796
539 33.1625 12945 0.000853543
540 33.2187 13212 0.000871148
541 33.2748 13256 0.000874049
542 33.331 12893 0.000850115
543 33.3872 13165 0.000868049
544 33.4433 13051 0.000860533
545 33.4995 13133 0.000865939
546 33.5557 13064 0.00086139
547 33.6118 13138 0.000866269
548 33.668 13265 0.000874643
549 33.7242 13123 0.00086528
550 33.7804 13170 0.000868379
551 33.8365 13331 0.000878995
552 33.8927 13013 0.000858027
553 33.9489 13143 0.000866599
554 34.005 12896 0.000850312
555 34.0612 13160 0.00086772
556 34.1174 13119 0.000865016
557 34.1735 13244 0.000873258
558 34.2297 13163 0.000867917
559 34.2859 13259 0.000874247
560 34.342 13101 0.000863829
561 34.3982 13270 0.000874973
562 34.4544 13157 0.000867522
563 34.5105 13305 0.00087728
564 34.5667 13140 0.000866401
565 34.6229 13342 0.00087972
566 34.6791 13243 0.000873192
567 34.7352 13241 0.00087306
568 34.7914 13162 0.000867851
569 34.8476 13091 0.00086317
570 34.9037 13035 0.000859478
571 34.9599 13048 0.000860335
572 35.0161 13179 0.000868972
573 35.0722 13223 0.000871874
574 35.1284 13156 0.000867456
575 35.1846 13025 0.000858818
576 35.2407 13346 0.000879984
577 35.2969 13212 0.000871148
578 35.3531 13087 0.000862906
579 35.4092 13304 0.000877214
580 35.4654 13137 0.000866203
581 35.5216 13251 0.00087372
582 35.5778 13251 0.00087372
583 35.6339 13045 0.000860137
584 35.6901 13205 0.000870687
585 35.7463 13026 0.000858884
586 35.8024 13154 0.000867324
587 35.8586 12983 0.000856049
588 35.9148 13154 0.000867324
589 35.9709 12867 0.0008484
590 36.0271 13106 0.000864159
591 36.0833 13136 0.000866137
592 36.1394 13117 0.000864884
593 36.1956 12927 0.000852356
594 36.2518 12991 0.000856576
595 36.3079 13003 0.000857368
596 36.3641 13102 0.000863895
597 36.4203 13047 0.000860269
598 36.4765 13146 0.000866796
599 36.5326 13199 0.000870291
600 36.5888 13222 0.000871808
601 36.645 13113 0.000864621
602 36.7011 13200 0.000870357
603 36.7573 13127 0.000865544
604 36.8135 13054 0.00086073
605 36.8696 13041 0.000859873
606 36.9258 13063 0.000861324
607 36.982 13310 0.00087761
608 37.0381 12962 0.000854664
609 37.0943 13336 0.000879324
610 37.1505 13203 0.000870555
611 37.2066 13285 0.000875962
612 37.2628 13138 0.000866269
613 37.319 13095 0.000863434
614 37.3752 12974 0.000855455
615 37.4313 13212 0.000871148
616 37.4875 13173 0.000868577
617 37.5437 13136 0.000866137
618 37.5998 13080 0.000862445
619 37.656 13048 0.000860335
620 37.7122 13271 0.000875038
621 37.7683 13301 0.000877017
622 37.8245 13198 0.000870225
623 37.8807 13183 0.000869236
624 37.9368 13298 0.000876819
625 37.993 12947 0.000853675
626 38.0492 13150 0.00086706
627 38.1053 13158 0.000867588
628 38.1615 13042 0.000859939
629 38.2177 13073 0.000861983
630 38.2739 13212 0.000871148
631 38.33 12888 0.000849785
632 38.3862 13262 0.000874445
633 38.4424 13117 0.000864884
634 38.4985 13130 0.000865741
635 38.5547 13351 0.000880313
636 38.6109 13309 0.000877544
637 38.667 13133 0.000865939
638 38.7232 13139 0.000866335
639 38.7794 13120 0.000865082
640 38.8355 13095 0.000863434
641 38.8917 13186 0.000869434
642 38.9479 13187 0.0008695
643 39.004 12889 0.000849851
644 39.0602 13322 0.000878401
645 39.1164 13017 0.000858291
646 39.1726 13108 0.000864291
647 39.2287 12933 0.000852752
648 39.2849 13159 0.000867654
649 39.3411 13102 0.000863895
650 39.3972 12958 0.0008544
651 39.4534 13103 0.000863961
652 39.5096 12929 0.000852488
653 39.5657 13244 0.000873258
654 39.6219 13006 0.000857565
655 39.6781 13170 0.000868379
656 39.7342 13037 0.000859609
657 39.7904 13033 0.000859346
658 39.8466 13157 0.000867522
659 39.9027 13220 0.000871676
660 39.9589 13300 0.000876951
661 40.0151 13091 0.00086317
662 40.0713 13174 0.000868643
663 40.1274 13290 0.000876291
664 40.1836 13238 0.000872863
665 40.2398 13227 0.000872137
666 40.2959 13297 0.000876753
667 40.3521 13215 0.000871346
668 40.4083 13244 0.000873258
669 40.4644 13149 0.000866994
670 40.5206 13265 0.000874643
671 40.5768 13223 0.000871874
672 40.6329 13166 0.000868115
673 40.6891 12953 0.000854071
674 40.7453 13107 0.000864225
675 40.8014 13223 0.000871874
676 40.8576 13318 0.000878137
677 40.9138 12960 0.000854532
678 40.97 13205 0.000870687
679 41.0261 12996 0.000856906
680 41.0823 13349 0.000880182
681 41.1385 13195 0.000870027
682 41.1946 13038 0.000859675
683 41.2508 12905 0.000850906
684 41.307 13107 0.000864225
685 41.3631 13152 0.000867192
686 41.4193 12965 0.000854862
687 41.4755 13141 0.000866467
688 41.5316 13268 0.000874841
689 41.5878 13223 0.000871874
690 41.644 13186 0.000869434
691 41.7001 13181 0.000869104
692 41.7563 13141 0.000866467
693 41.8125 13058 0.000860994
694 41.8687 13287 0.000876093
695 41.9248 12938 0.000853082
696 41.981 13125 0.000865412
697 42.0372 13150 0.00086706
698 42.0933 12979 0.000855785
699 42.1495 13155 0.00086739
700 42.2057 13245 0.000873324
701 42.2618 13068 0.000861653
702 42.318 13333 0.000879127
703 42.3742 13434 0.000885786
704 42.4303 13093 0.000863302
705 42.4865 13133 0.000865939
706 42.5427 13130 0.000865741
707 42.5988 13200 0.000870357
708 42.655 13173 0.000868577
709 42.7112 13173 0.000868577
710 42.7674 13072 0.000861917
711 42.8235 13324 0.000878533
712 42.8797 13219 0.00087161
713 42.9359 13306 0.000877346
714 42.992 12930 0.000852554
715 43.0482 13134 0.000866005
716 43.1044 13192 0.00086983
717 43.1605 13129 0.000865676
718 43.2167 12836 0.000846356
719 43.2729 13256 0.000874049
720 43.329 13068 0.000861653
721 43.3852 13254 0.000873918
722 43.4414 13233 0.000872533
723 43.4975 12906 0.000850972
724 43.5537 13182 0.00086917
725 43.6099 12941 0.00085328
726 43.6661 12995 0.00085684
727 43.7222 13093 0.000863302
728 43.7784 13087 0.000862906
729 43.8346 13208 0.000870885
730 43.8907 13052 0.000860598
731 43.9469 13103 0.000863961
732 44.0031 13131 0.000865807
733 44.0592 13229 0.000872269
734 44.1154 13140 0.000866401
735 44.1716 13324 0.000878533
736 44.2277 13262 0.000874445
737 44.2839 13169 0.000868313
738 44.3401 13158 0.000867588
739 44.3962 13094 0.000863368
740 44.4524 13206 0.000870753
741 44.5086 13112 0.000864555
742 44.5648 13149 0.000866994
743 44.6209 13334 0.000879192
744 44.6771 12947 0.000853675
745 44.7333 13209 0.00087095
746 44.7894 12871 0.000848664
747 44.8456 13122 0.000865214
748 44.9018 13395 0.000883215
749 44.9579 13144 0.000866665
750 45.0141 13234 0.000872599
751 45.0703 13436 0.000885918
752 45.1264 13083 0.000862642
753 45.1826 13069 0.000861719
754 45.2388 13284 0.000875896
755 45.2949 13053 0.000860664
756 45.3511 13304 0.000877214
757 45.4073 13140 0.000866401
758 45.4635 13344 0.000879852
759 45.5196 13145 0.000866731
760 45.5758 13122 0.000865214
761 45.632 13199 0.000870291
762 45.6881 13053 0.000860664
763 45.7443 13182 0.00086917
764 45.8005 13024 0.000858752
765 45.8566 13163 0.000867917
766 45.9128 13164 0.000867983
767 45.969 13102 0.000863895
768 46.0251 13038 0.000859675
769 46.0813 13381 0.000882291
770 46.1375 13238 0.000872863
771 46.1936 12915 0.000851565
772 46.2498 12902 0.000850708
773 46.306 13207 0.000870819
774 46.3622 13169 0.000868313
775 46.4183 13064 0.00086139
776 46.4745 13148 0.000866928
777 46.5307 13181 0.000869104
778 46.5868 13338 0.000879456
779 46.643 13139 0.000866335
780 46.6992 13149 0.000866994
781 46.7553 13272 0.000875104
782 46.8115 13063 0.000861324
783 46.8677 13133 0.000865939
784 46.9238 13094 0.000863368
785 46.98 13257 0.000874115
786 47.0362 13177 0.00086884
787 47.0923 13172 0.000868511
788 47.1485 13081 0.000862511
789 47.2047 13230 0.000872335
790 47.2609 13100 0.000863763
791 47.317 13301 0.000877017
792 47.3732 12967 0.000854994
793 47.4294 13231 0.000872401
794 47.4855 13091 0.00086317
795 47.5417 13278 0.0008755
796 47.5979 13197 0.000870159
797 47.654 13155 0.00086739
798 47.7102 13180 0.000869038
799 47.7664 13087 0.000862906
800 47.8225 13076 0.000862181
801 47.8787 13481 0.000888885
802 47.9349 13044 0.000860071
803 47.991 13300 0.000876951
804 48.0472 13211 0.000871082
805 48.1034 13362 0.000881039
806 48.1596 12917 0.000851697
807 48.2157 13122 0.000865214
808 48.2719 13109 0.000864357
809 48.3281 13082 0.000862577
810 48.3842 13227 0.000872137
811 48.4404 13177 0.00086884
812 48.4966 13260 0.000874313
813 48.5527 13085 0.000862774
814 48.6089 13143 0.000866599
815 48.6651 13083 0.000862642
816 48.7212 13288 0.000876159
817 48.7774 13286 0.000876028
818 48.8336 13066 0.000861522
819 48.8897 13216 0.000871412
820 48.9459 13213 0.000871214
821 49.0021 12994 0.000856774
822 49.0583 12984 0.000856115
823 49.1144 13128 0.00086561
824 49.1706 12849 0.000847213
825 49.2268 13129 0.000865676
826 49.2829 13017 0.000858291
827 49.3391 13115 0.000864752
828 49.3953 13039 0.000859741
829 49.4514 13135 0.000866071
830 49.5076 13178 0.000868906
831 49.5638 13171 0.000868445
832 49.6199 13040 0.000859807
833 49.6761 13127 0.000865544
834 49.7323 13188 0.000869566
835 49.7884 12851 0.000847345
836 49.8446 13176 0.000868775
837 49.9008 13427 0.000885325
838 49.957 13127 0.000865544
839 50.0131 13217 0.000871478
840 50.0693 13112 0.000864555
841 50.1255 13057 0.000860928
842 50.1816 13329 0.000878863
843 50.2378 13018 0.000858357
844 50.294 13271 0.000875038
845 50.3501 13139 0.000866335
846 50.4063 13299 0.000876885
847 50.4625 13437 0.000885984
848 50.5186 13484 0.000889083
849 50.5748 13034 0.000859412
850 50.631 13250 0.000873654
851 50.6871 13136 0.000866137
852 50.7433 13256 0.000874049
853 50.7995 13326 0.000878665
854 50.8557 13444 0.000886445
855 50.9118 13035 0.000859478
856 50.968 13298 0.000876819
857 51.0242 13223 0.000871874
858 51.0803 12876 0.000848994
859 51.1365 13206 0.000870753
860 51.1927 13176 0.000868775
861 51.2488 13299 0.000876885
862 51.305 12981 0.000855917
863 51.3612 13077 0.000862247
864 51.4173 12906 0.000850972
865 51.4735 13019 0.000858423
866 51.5297 13169 0.000868313
867 51.5858 12971 0.000855258
868 51.642 13068 0.000861653
869 51.6982 12899 0.00085051
870 51.7544 13124 0.000865346
871 51.8105 12911 0.000851301
872 51.8667 13073 0.000861983
873 51.9229 13050 0.000860467
874 51.979 13069 0.000861719
875 52.0352 13285 0.000875962
876 52.0914 13205 0.000870687
877 52.1475 13082 0.000862577
878 52.2037 12927 0.000852356
879 52.2599 12824 0.000845565
880 52.316 13178 0.000868906
881 52.3722 13179 0.000868972
882 52.4284 12951 0.000853939
883 52.4845 13216 0.000871412
884 52.5407 13263 0.000874511
885 52.5969 13266 0.000874709
886 52.6531 13239 0.000872929
887 52.7092 13286 0.000876028
888 52.7654 13419 0.000884797
889 52.8216 13277 0.000875434
890 52.8777 13418 0.000884731
891 52.9339 13498 0.000890006
892 52.9901 13477 0.000888621
893 53.0462 13525 0.000891786
894 53.1024 13414 0.000884467
895 53.1586 13349 0.000880182
896 53.2147 13062 0.000861258
897 53.2709 13439 0.000886116
898 53.3271 13256 0.000874049
899 53.3832 13327 0.000878731
900 53.4394 13315 0.00087794
901 53.4956 13137 0.000866203
902 53.5518 13185 0.000869368
903 53.6079 13281 0.000875698
904 53.6641 13076 0.000862181
905 53.7203 13143 0.000866599
906 53.7764 13084 0.000862708
907 53.8326 13384 0.000882489
908 53.8888 13177 0.00086884
909 53.9449 13233 0.000872533
910 54.0011 12892 0.000850049
911 54.0573 13283 0.00087583
912 54.1134 13045 0.000860137
913 54.1696 13205 0.000870687
914 54.2258 13048 0.000860335
915 54.2819 13208 0.000870885
916 54.3381 13171 0.000868445
917 54.3943 13227 0.000872137
918 54.4505 13051 0.000860533
919 54.5066 13087 0.000862906
920 54.5628 13190 0.000869698
921 54.619 13533 0.000892314
922 54.6751 13412 0.000884335
923 54.7313 13356 0.000880643
924 54.7875 13293 0.000876489
925 54.8436 13354 0.000880511
926 54.8998 13309 0.000877544
927 54.956 13490 0.000889479
928 55.0121 13864 0.000914139
929 55.0683 13475 0.000888489
930 55.1245 13454 0.000887105
931 55.1806 13492 0.00088961
932 55.2368 13284 0.000875896
933 55.293 13389 0.000882819
934 55.3492 13157 0.000867522
935 55.4053 12956 0.000854269
936 55.4615 12801 0.000844049
937 55.5177 12661 0.000834817
938 55.5738 12477 0.000822685
939 55.63 12438 0.000820114
940 55.6862 12378 0.000816158
941 55.7423 12378 0.000816158
942 55.7985 12315 0.000812004
943 55.8547 12285 0.000810025
944 55.9108 12497 0.000824004
945 55.967 12460 0.000821564
946 56.0232 12379 0.000816223
947 56.0793 12534 0.000826444
948 56.1355 12423 0.000819125
949 56.1917 12821 0.000845367
950 56.2479 12504 0.000824465
951 56.304 12811 0.000844708
952 56.3602 12374 0.000815894
953 56.4164 12376 0.000816026
954 56.4725 12251 0.000807784
955 56.5287 12279 0.00080963
956 56.5849 12019 0.000792486
957 56.641 11924 0.000786223
958 56.6972 12161 0.000801849
959 56.7534 12479 0.000822817
960 56.8095 12523 0.000825718
961 56.8657 12995 0.00085684
962 56.9219 13340 0.000879588
963 56.978 14062 0.000927194
964 57.0342 14846 0.000978888
965 57.0904 15511 0.00102274
966 57.1466 16367 0.00107918
967 57.2027 17110 0.00112817
968 57.2589 17451 0.00115065
969 57.3151 17765 0.00117136
970 57.3712 17227 0.00113588
971 57.4274 16711 0.00110186
972 57.4836 15808 0.00104232
973 57.5397 14263 0.000940447
974 57.5959 12678 0.000835938
975 57.6521 10902 0.000718836
976 57.7082 9547 0.000629492
977 57.7644 8340 0.000549907
978 57.8206 7454 0.000491488
979 57.8767 7290 0.000480674
980 57.9329 7731 0.000509752
981 57.9891 8969 0.000591381
982 58.0453 10870 0.000716726
983 58.1014 13193 0.000869895
984 58.1576 16216 0.00106922
985 58.2138 19600 0.00129235
986 58.2699 22673 0.00149497
987 58.3261 25202 0.00166172
988 58.3823 26962 0.00177777
989 58.4384 27904 0.00183988
990 58.4946 27923 0.00184113
991 58.5508 26740 0.00176313
992 58.6069 24122 0.00159051
993 58.6631 20869 0.00137602
994 58.7193 17277 0.00113918
995 58.7754 13882 0.000915325
996 58.8316 10416 0.000686791
997 58.8878 7579 0.00049973
998 58.944 5179 0.000341483
999 59.0001 3386 0.00022326
1000 59.0563 2236 0.000147433
