1 2.94371 156 8.61217e-06
2 2.99988 64 3.5332e-06
3 3.05605 28 1.54577e-06
4 3.11222 8 4.4165e-07
5 3.16839 2 1.10412e-07
6 3.22456 0 0
7 3.28072 0 0
8 3.33689 0 0
9 3.39306 0 0
10 3.44923 0 0
11 3.5054 0 0
12 3.56157 0 0
13 3.61774 0 0
14 3.67391 0 0
15 3.73007 0 0
16 3.78624 0 0
17 3.84241 0 0
18 3.89858 0 0
19 3.95475 0 0
20 4.01092 0 0
21 4.06709 0 0
22 4.12326 0 0
23 4.17942 0 0
24 4.23559 0 0
25 4.29176 0 0
26 4.34793 0 0
27 4.4041 0 0
28 4.46027 0 0
29 4.51644 0 0
30 4.57261 0 0
31 4.62877 0 0
32 4.68494 0 0
33 4.74111 0 0
34 4.79728 0 0
35 4.85345 0 0
36 4.90962 0 0
37 4.96579 0 0
38 5.02196 0 0
39 5.07812 0 0
40 5.13429 0 0
41 5.19046 0 0
42 5.24663 0 0
43 5.3028 0 0
44 5.35897 0 0
45 5.41514 0 0
46 5.47131 0 0
47 5.52747 0 0
48 5.58364 0 0
49 5.63981 0 0
50 5.69598 0 0
51 5.75215 0 0
52 5.80832 0 0
53 5.86449 0 0
54 5.92066 0 0
55 5.97682 0 0
56 6.03299 0 0
57 6.08916 0 0
58 6.14533 0 0
59 6.2015 0 0
60 6.25767 0 0
61 6.31384 0 0
62 6.37001 0 0
63 6.42617 0 0
64 6.48234 0 0
65 6.53851 0 0
66 6.59468 0 0
67 6.65085 0 0
68 6.70702 0 0
69 6.76319 0 0
70 6.81936 0 0
71 6.87552 0 0
72 6.93169 0 0
73 6.98786 0 0
74 7.04403 0 0
75 7.1002 0 0
76 7.15637 0 0
77 7.21254 0 0
78 7.26871 0 0
79 7.32487 0 0
80 7.38104 0 0
81 7.43721 0 0
82 7.49338 0 0
83 7.54955 0 0
84 7.60572 0 0
85 7.66189 0 0
86 7.71806 0 0
87 7.77422 0 0
88 7.83039 0 0
89 7.88656 0 0
90 7.94273 0 0
91 7.9989 0 0
92 8.05507 0 0
93 8.11124 0 0
94 8.16741 0 0
95 8.22357 0 0
96 8.27974 0 0
97 8.33591 0 0
98 8.39208 0 0
99 8.44825 0 0
100 8.50442 0 0
101 8.56059 0 0
102 8.61676 0 0
103 8.67292 0 0
104 8.72909 0 0
105 8.78526 0 0
106 8.84143 0 0
107 8.8976 0 0
108 8.95377 0 0
109 9.00994 0 0
110 9.0661 0 0
111 9.12227 0 0
112 9.17844 0 0
113 9.23461 0 0
114 9.29078 0 0
115 9.34695 0 0
116 9.40312 0 0
117 9.45929 0 0
118 9.51545 0 0
119 9.57162 0 0
120 9.62779 0 0
121 9.68396 0 0
122 9.74013 0 0
123 9.7963 0 0
124 9.85247 0 0
125 9.90864 0 0
126 9.9648 0 0
127 10.021 0 0
128 10.0771 0 0
129 10.1333 0 0
130 10.1895 0 0
131 10.2456 0 0
132 10.3018 0 0
133 10.358 0 0
134 10.4142 0 0
135 10.4703 0 0
136 10.5265 0 0
137 10.5827 0 0
138 10.6388 0 0
139 10.695 0 0
140 10.7512 0 0
141 10.8073 0 0
142 10.8635 0 0
143 10.9197 0 0
144 10.9758 0 0
145 11.032 0 0
146 11.0882 0 0
147 11.1443 0 0
148 11.2005 0 0
149 11.2567 0 0
150 11.3129 0 0
151 11.369 0 0
152 11.4252 0 0
153 11.4814 0 0
154 11.5375 0 0
155 11.5937 0 0
156 11.6499 0 0
157 11.706 0 0
158 11.7622 0 0
159 11.8184 0 0
160 11.8745 0 0
161 11.9307 0 0
162 11.9869 0 0
163 12.043 0 0
164 12.0992 0 0
165 12.1554 0 0
166 12.2116 0 0
167 12.2677 0 0
168 12.3239 0 0
169 12.3801 0 0
170 12.4362 0 0
171 12.4924 0 0
172 12.5486 0 0
173 12.6047 0 0
174 12.6609 0 0
175 12.7171 0 0
176 12.7732 0 0
177 12.8294 0 0
178 12.8856 0 0
179 12.9417 0 0
180 12.9979 0 0
181 13.0541 0 0
182 13.1103 0 0
183 13.1664 0 0
184 13.2226 0 0
185 13.2788 0 0
186 13.3349 0 0
187 13.3911 0 0
188 13.4473 0 0
189 13.5034 0 0
190 13.5596 0 0
191 13.6158 0 0
192 13.6719 0 0
193 13.7281 0 0
194 13.7843 0 0
195 13.8404 0 0
196 13.8966 0 0
197 13.9528 0 0
198 14.009 0 0
199 14.0651 0 0
200 14.1213 0 0
201 14.1775 0 0
202 14.2336 0 0
203 14.2898 0 0
204 14.346 0 0
205 14.4021 0 0
206 14.4583 0 0
207 14.5145 0 0
208 14.5706 0 0
209 14.6268 0 0
210 14.683 0 0
211 14.7391 0 0
212 14.7953 0 0
213 14.8515 0 0
214 14.9077 0 0
215 14.9638 0 0
216 15.02 0 0
217 15.0762 0 0
218 15.1323 0 0
219 15.1885 0 0
220 15.2447 0 0
221 15.3008 0 0
222 15.357 0 0
223 15.4132 0 0
224 15.4693 0 0
225 15.5255 0 0
226 15.5817 0 0
227 15.6378 0 0
228 15.694 0 0
229 15.7502 0 0
230 15.8064 0 0
231 15.8625 0 0
232 15.9187 0 0
233 15.9749 0 0
234 16.031 0 0
235 16.0872 0 0
236 16.1434 0 0
237 16.1995 0 0
238 16.2557 0 0
239 16.3119 0 0
240 16.368 0 0
241 16.4242 0 0
242 16.4804 0 0
243 16.5365 0 0
244 16.5927 0 0
245 16.6489 0 0
246 16.7051 0 0
247 16.7612 0 0
248 16.8174 0 0
249 16.8736 0 0
250 16.9297 0 0
251 16.9859 0 0
252 17.0421 0 0
253 17.0982 0 0
254 17.1544 0 0
255 17.2106 0 0
256 17.2667 0 0
257 17.3229 0 0
258 17.3791 0 0
259 17.4352 0 0
260 17.4914 0 0
261 17.5476 0 0
262 17.6038 0 0
263 17.6599 0 0
264 17.7161 0 0
265 17.7723 0 0
266 17.8284 0 0
267 17.8846 0 0
268 17.9408 0 0
269 17.9969 0 0
270 18.0531 0 0
271 18.1093 0 0
272 18.1654 0 0
273 18.2216 0 0
274 18.2778 0 0
275 18.3339 0 0
276 18.3901 0 0
277 18.4463 0 0
278 18.5025 0 0
279 18.5586 0 0
280 18.6148 0 0
281 18.671 0 0
282 18.7271 0 0
283 18.7833 0 0
284 18.8395 0 0
285 18.8956 0 0
286 18.9518 0 0
287 19.008 0 0
288 19.0641 0 0
289 19.1203 0 0
290 19.1765 0 0
291 19.2326 0 0
292 19.2888 0 0
293 19.345 0 0
294 19.4012 0 0
295 19.4573 0 0
296 19.5135 0 0
297 19.5697 0 0
298 19.6258 0 0
299 19.682 0 0
300 19.7382 0 0
301 19.7943 0 0
302 19.8505 0 0
303 19.9067 0 0
304 19.9628 0 0
305 20.019 0 0
306 20.0752 1 5.52062e-08
307 20.1313 0 0
308 20.1875 3 1.65619e-07
309 20.2437 4 2.20825e-07
310 20.2999 15 8.28094e-07
311 20.356 53 2.92593e-06
312 20.4122 102 5.63104e-06
313 20.4684 222 1.22558e-05
314 20.5245 481 2.65542e-05
315 20.5807 914 5.04585e-05
316 20.6369 1619 8.93789e-05
317 20.693 2876 0.000158773
318 20.7492 4619 0.000254998
319 20.8054 6602 0.000364472
320 20.8615 9342 0.000515737
321 20.9177 12086 0.000667223
322 20.9739 14761 0.000814899
323 21.03 17155 0.000947063
324 21.0862 19094 0.00105411
325 21.1424 20426 0.00112764
326 21.1986 21201 0.00117043
327 21.2547 22248 0.00122823
328 21.3109 23099 0.00127521
329 21.3671 23977 0.00132368
330 21.4232 25835 0.00142625
331 21.4794 27507 0.00151856
332 21.5356 30207 0.00166762
333 21.5917 32527 0.00179569
334 21.6479 35774 0.00197495
335 21.7041 38328 0.00211594
336 21.7602 41379 0.00228438
337 21.8164 43657 0.00241014
338 21.8726 45817 0.00252938
339 21.9287 47401 0.00261683
340 21.9849 48319 0.00266751
341 22.0411 48795 0.00269379
342 22.0973 47894 0.00264405
343 22.1534 45731 0.00252464
344 22.2096 42776 0.0023615
345 22.2658 40035 0.00221018
346 22.3219 36182 0.00199747
347 22.3781 32381 0.00178763
348 22.4343 29206 0.00161235
349 22.4904 25828 0.00142587
350 22.5466 23420 0.00129293
351 22.6028 21812 0.00120416
352 22.6589 20835 0.00115022
353 22.7151 20063 0.0011076
354 22.7713 20001 0.00110418
355 22.8274 20413 0.00112693
356 22.8836 21074 0.00116342
357 22.9398 21922 0.00121023
358 22.996 22729 0.00125478
359 23.0521 23168 0.00127902
360 23.1083 23692 0.00130795
361 23.1645 24024 0.00132627
362 23.2206 24031 0.00132666
363 23.2768 24048 0.0013276
364 23.333 23511 0.00129795
365 23.3891 23519 0.0012984
366 23.4453 23232 0.00128255
367 23.5015 23317 0.00128724
368 23.5576 23754 0.00131137
369 23.6138 24103 0.00133064
370 23.67 24593 0.00135769
371 23.7261 25067 0.00138385
372 23.7823 25766 0.00142244
373 23.8385 26379 0.00145629
374 23.8947 26925 0.00148643
375 23.9508 27400 0.00151265
376 24.007 27676 0.00152789
377 24.0632 28073 0.0015498
378 24.1193 28304 0.00156256
379 24.1755 27930 0.00154191
380 24.2317 28279 0.00156118
381 24.2878 27463 0.00151613
382 24.344 27837 0.00153678
383 24.4002 27639 0.00152585
384 24.4563 27219 0.00150266
385 24.5125 26933 0.00148687
386 24.5687 26365 0.00145551
387 24.6248 26239 0.00144856
388 24.681 25896 0.00142962
389 24.7372 25468 0.00140599
390 24.7934 25579 0.00141212
391 24.8495 25059 0.00138341
392 24.9057 25401 0.00140229
393 24.9619 25347 0.00139931
394 25.018 25610 0.00141383
395 25.0742 25490 0.00140721
396 25.1304 25490 0.00140721
397 25.1865 25585 0.00141245
398 25.2427 25534 0.00140964
399 25.2989 25559 0.00141102
400 25.355 25671 0.0014172
401 25.4112 25560 0.00141107
402 25.4674 25932 0.00143161
403 25.5235 25740 0.00142101
404 25.5797 25940 0.00143205
405 25.6359 25651 0.0014161
406 25.6921 26163 0.00144436
407 25.7482 26129 0.00144248
408 25.8044 26293 0.00145154
409 25.8606 26024 0.00143669
410 25.9167 25972 0.00143382
411 25.9729 26557 0.00146611
412 26.0291 26564 0.0014665
413 26.0852 26597 0.00146832
414 26.1414 26861 0.00148289
415 26.1976 27207 0.001502
416 26.2537 27103 0.00149625
417 26.3099 27229 0.00150321
418 26.3661 27111 0.0014967
419 26.4222 27142 0.00149841
420 26.4784 27384 0.00151177
421 26.5346 26973 0.00148908
422 26.5908 26973 0.00148908
423 26.6469 27074 0.00149465
424 26.7031 26873 0.00148356
425 26.7593 26924 0.00148637
426 26.8154 26839 0.00148168
427 26.8716 26767 0.00147771
428 26.9278 26629 0.00147009
429 26.9839 26655 0.00147152
430 27.0401 26596 0.00146827
431 27.0963 26596 0.00146827
432 27.1524 26402 0.00145756
433 27.2086 26136 0.00144287
434 27.2648 26092 0.00144044
435 27.3209 26413 0.00145816
436 27.3771 26363 0.0014554
437 27.4333 26128 0.00144243
438 27.4895 26403 0.00145761
439 27.5456 26399 0.00145739
440 27.6018 26182 0.00144541
441 27.658 26331 0.00145364
442 27.7141 26222 0.00144762
443 27.7703 26292 0.00145148
444 27.8265 26243 0.00144878
445 27.8826 26149 0.00144359
446 27.9388 26182 0.00144541
447 27.995 26314 0.0014527
448 28.0511 26087 0.00144017
449 28.1073 26212 0.00144707
450 28.1635 26403 0.00145761
451 28.2196 26331 0.00145364
452 28.2758 26108 0.00144132
453 28.332 26475 0.00146159
454 28.3882 26318 0.00145292
455 28.4443 26655 0.00147152
456 28.5005 26505 0.00146324
457 28.5567 26551 0.00146578
458 28.6128 26572 0.00146694
459 28.669 26345 0.00145441
460 28.7252 26414 0.00145822
461 28.7813 26253 0.00144933
462 28.8375 26252 0.00144927
463 28.8937 26430 0.0014591
464 28.9498 26294 0.00145159
465 29.006 26014 0.00143614
466 29.0622 26433 0.00145927
467 29.1183 26154 0.00144386
468 29.1745 26388 0.00145678
469 29.2307 26667 0.00147218
470 29.2869 26318 0.00145292
471 29.343 25947 0.00143244
472 29.3992 26331 0.00145364
473 29.4554 26357 0.00145507
474 29.5115 26227 0.00144789
475 29.5677 26278 0.00145071
476 29.6239 26457 0.00146059
477 29.68 26256 0.0014495
478 29.7362 26343 0.0014543
479 29.7924 26192 0.00144596
480 29.8485 26124 0.00144221
481 29.9047 26282 0.00145093
482 29.9609 26345 0.00145441
483 30.017 26186 0.00144563
484 30.0732 26169 0.00144469
485 30.1294 26424 0.00145877
486 30.1856 26459 0.0014607
487 30.2417 26222 0.00144762
488 30.2979 26245 0.00144889
489 30.3541 26207 0.00144679
490 30.4102 26023 0.00143663
491 30.4664 26345 0.00145441
492 30.5226 26148 0.00144353
493 30.5787 25967 0.00143354
494 30.6349 26102 0.00144099
495 30.6911 26129 0.00144248
496 30.7472 26278 0.00145071
497 30.8034 26636 0.00147047
498 30.8596 26300 0.00145192
499 30.9157 26362 0.00145535
500 30.9719 26184 0.00144552
501 31.0281 25776 0.001423
502 31.0843 26311 0.00145253
503 31.1404 26331 0.00145364
504 31.1966 26231 0.00144811
505 31.2528 26497 0.0014628
506 31.3089 26276 0.0014506
507 31.3651 26627 0.00146998
508 31.4213 26150 0.00144364
509 31.4774 26222 0.00144762
510 31.5336 26259 0.00144966
511 31.5898 26342 0.00145424
512 31.6459 25913 0.00143056
513 31.7021 26224 0.00144773
514 31.7583 26191 0.00144591
515 31.8144 26631 0.0014702
516 31.8706 26692 0.00147357
517 31.9268 26727 0.0014755
518 31.983 26335 0.00145386
519 32.0391 26086 0.00144011
520 32.0953 26420 0.00145855
521 32.1515 26506 0.0014633
522 32.2076 26319 0.00145297
523 32.2638 26414 0.00145822
524 32.32 26467 0.00146114
525 32.3761 26183 0.00144547
526 32.4323 26087 0.00144017
527 32.4885 26245 0.00144889
528 32.5446 26130 0.00144254
529 32.6008 26316 0.00145281
530 32.657 26380 0.00145634
531 32.7131 26233 0.00144823
532 32.7693 26128 0.00144243
533 32.8255 26288 0.00145126
534 32.8817 26333 0.00145375
535 32.9378 26160 0.0014442
536 32.994 26149 0.00144359
537 33.0502 25920 0.00143095
538 33.1063 26427 0.00145894
539 33.1625 26122 0.0014421
540 33.2187 26538 0.00146506
541 33.2748 26169 0.00144469
542 33.331 26360 0.00145524
543 33.3872 26543 0.00146534
544 33.4433 26257 0.00144955
545 33.4995 26209 0.0014469
546 33.5557 26321 0.00145308
547 33.6118 26218 0.0014474
548 33.668 25878 0.00142863
549 33.7242 26541 0.00146523
550 33.7804 26177 0.00144513
551 33.8365 26341 0.00145419
552 33.8927 26443 0.00145982
553 33.9489 26359 0.00145518
554 34.005 26224 0.00144773
555 34.0612 26315 0.00145275
556 34.1174 26190 0.00144585
557 34.1735 26316 0.00145281
558 34.2297 26228 0.00144795
559 34.2859 26430 0.0014591
560 34.342 26189 0.0014458
561 34.3982 26296 0.0014517
562 34.4544 26166 0.00144453
563 34.5105 26005 0.00143564
564 34.5667 26462 0.00146087
565 34.6229 26284 0.00145104
566 34.6791 26328 0.00145347
567 34.7352 26546 0.0014655
568 34.7914 26442 0.00145976
569 34.8476 26390 0.00145689
570 34.9037 26369 0.00145573
571 34.9599 26189 0.0014458
572 35.0161 26430 0.0014591
573 35.0722 26171 0.0014448
574 35.1284 26259 0.00144966
575 35.1846 26113 0.0014416
576 35.2407 26538 0.00146506
577 35.2969 26484 0.00146208
578 35.3531 26087 0.00144017
579 35.4092 26348 0.00145457
580 35.4654 26470 0.00146131
581 35.5216 26430 0.0014591
582 35.5778 26105 0.00144116
583 35.6339 26444 0.00145987
584 35.6901 26136 0.00144287
585 35.7463 26263 0.00144988
586 35.8024 26320 0.00145303
587 35.8586 26215 0.00144723
588 35.9148 25839 0.00142647
589 35.9709 26270 0.00145027
590 36.0271 26220 0.00144751
591 36.0833 26096 0.00144066
592 36.1394 26023 0.00143663
593 36.1956 26310 0.00145248
594 36.2518 26110 0.00144144
595 36.3079 26145 0.00144337
596 36.3641 26006 0.00143569
597 36.4203 26340 0.00145413
598 36.4765 25803 0.00142449
599 36.5326 26436 0.00145943
600 36.5888 26154 0.00144386
601 36.645 26036 0.00143735
602 36.7011 26273 0.00145043
603 36.7573 26149 0.00144359
604 36.8135 26314 0.0014527
605 36.8696 26564 0.0014665
606 36.9258 26272 0.00145038
607 36.982 26199 0.00144635
608 37.0381 26363 0.0014554
609 37.0943 26455 0.00146048
610 37.1505 26228 0.00144795
611 37.2066 26180 0.0014453
612 37.2628 26218 0.0014474
613 37.319 26460 0.00146076
614 37.3752 26193 0.00144602
615 37.4313 26261 0.00144977
616 37.4875 26296 0.0014517
617 37.5437 26504 0.00146319
618 37.5998 26260 0.00144972
619 37.656 26218 0.0014474
620 37.7122 26331 0.00145364
621 37.7683 26160 0.0014442
622 37.8245 26253 0.00144933
623 37.8807 26430 0.0014591
624 37.9368 26122 0.0014421
625 37.993 26478 0.00146175
626 38.0492 26070 0.00143923
627 38.1053 26016 0.00143625
628 38.1615 26297 0.00145176
629 38.2177 26318 0.00145292
630 38.2739 26163 0.00144436
631 38.33 26136 0.00144287
632 38.3862 26195 0.00144613
633 38.4424 26326 0.00145336
634 38.4985 26133 0.0014427
635 38.5547 26366 0.00145557
636 38.6109 26170 0.00144475
637 38.667 26054 0.00143834
638 38.7232 26293 0.00145154
639 38.7794 26045 0.00143785
640 38.8355 26320 0.00145303
641 38.8917 26372 0.0014559
642 38.9479 26044 0.00143779
643 39.004 26138 0.00144298
644 39.0602 26140 0.00144309
645 39.1164 26332 0.00145369
646 39.1726 26507 0.00146335
647 39.2287 26310 0.00145248
648 39.2849 26422 0.00145866
649 39.3411 26392 0.001457
650 39.3972 26310 0.00145248
651 39.4534 26149 0.00144359
652 39.5096 26301 0.00145198
653 39.5657 26098 0.00144077
654 39.6219 26092 0.00144044
655 39.6781 26278 0.00145071
656 39.7342 26345 0.00145441
657 39.7904 26289 0.00145132
658 39.8466 26181 0.00144535
659 39.9027 26079 0.00143972
660 39.9589 26583 0.00146755
661 40.0151 26301 0.00145198
662 40.0713 26442 0.00145976
663 40.1274 26323 0.00145319
664 40.1836 26324 0.00145325
665 40.2398 26292 0.00145148
666 40.2959 26228 0.00144795
667 40.3521 26171 0.0014448
668 40.4083 26201 0.00144646
669 40.4644 26437 0.00145949
670 40.5206 26137 0.00144293
671 40.5768 26308 0.00145237
672 40.6329 26185 0.00144558
673 40.6891 26242 0.00144872
674 40.7453 26116 0.00144177
675 40.8014 26232 0.00144817
676 40.8576 26245 0.00144889
677 40.9138 26571 0.00146689
678 40.97 26280 0.00145082
679 41.0261 26618 0.00146948
680 41.0823 26481 0.00146192
681 41.1385 26437 0.00145949
682 41.1946 26131 0.00144259
683 41.2508 26533 0.00146479
684 41.307 25932 0.00143161
685 41.3631 26257 0.00144955
686 41.4193 26125 0.00144226
687 41.4755 26250 0.00144916
688 41.5316 26220 0.00144751
689 41.5878 26410 0.001458
690 41.644 26245 0.00144889
691 41.7001 26463 0.00146092
692 41.7563 26421 0.0014586
693 41.8125 26272 0.00145038
694 41.8687 26461 0.00146081
695 41.9248 25963 0.00143332
696 41.981 26148 0.00144353
697 42.0372 26232 0.00144817
698 42.0933 26460 0.00146076
699 42.1495 26263 0.00144988
700 42.2057 26049 0.00143807
701 42.2618 25890 0.00142929
702 42.318 26493 0.00146258
703 42.3742 26503 0.00146313
704 42.4303 26410 0.001458
705 42.4865 26189 0.0014458
706 42.5427 26080 0.00143978
707 42.5988 26372 0.0014559
708 42.655 26306 0.00145226
709 42.7112 26115 0.00144171
710 42.7674 26463 0.00146092
711 42.8235 26306 0.00145226
712 42.8797 26270 0.00145027
713 42.9359 26313 0.00145264
714 42.992 26472 0.00146142
715 43.0482 26391 0.00145695
716 43.1044 26241 0.00144867
717 43.1605 26127 0.00144237
718 43.2167 26216 0.00144729
719 43.2729 26206 0.00144673
720 43.329 26264 0.00144994
721 43.3852 26218 0.0014474
722 43.4414 26226 0.00144784
723 43.4975 26008 0.0014358
724 43.5537 26424 0.00145877
725 43.6099 26088 0.00144022
726 43.6661 26288 0.00145126
727 43.7222 25888 0.00142918
728 43.7784 26442 0.00145976
729 43.8346 26423 0.00145871
730 43.8907 26395 0.00145717
731 43.9469 25913 0.00143056
732 44.0031 26104 0.0014411
733 44.0592 26402 0.00145756
734 44.1154 26518 0.00146396
735 44.1716 26068 0.00143912
736 44.2277 26384 0.00145656
737 44.2839 26418 0.00145844
738 44.3401 26226 0.00144784
739 44.3962 26123 0.00144215
740 44.4524 26130 0.00144254
741 44.5086 26287 0.00145121
742 44.5648 26090 0.00144033
743 44.6209 26361 0.00145529
744 44.6771 26419 0.00145849
745 44.7333 26392 0.001457
746 44.7894 26291 0.00145143
747 44.8456 26254 0.00144938
748 44.9018 26323 0.00145319
749 44.9579 26392 0.001457
750 45.0141 26320 0.00145303
751 45.0703 26533 0.00146479
752 45.1264 26498 0.00146286
753 45.1826 26303 0.00145209
754 45.2388 26153 0.00144381
755 45.2949 26226 0.00144784
756 45.3511 26299 0.00145187
757 45.4073 26140 0.00144309
758 45.4635 26370 0.00145579
759 45.5196 26460 0.00146076
760 45.5758 26557 0.00146611
761 45.632 26378 0.00145623
762 45.6881 26162 0.00144431
763 45.7443 26161 0.00144425
764 45.8005 26518 0.00146396
765 45.8566 26325 0.0014533
766 45.9128 26085 0.00144005
767 45.969 26227 0.00144789
768 46.0251 26103 0.00144105
769 46.0813 26019 0.00143641
770 46.1375 26584 0.0014676
771 46.1936 26143 0.00144326
772 46.2498 26371 0.00145584
773 46.306 26420 0.00145855
774 46.3622 26102 0.00144099
775 46.4183 26254 0.00144938
776 46.4745 26426 0.00145888
777 46.5307 26145 0.00144337
778 46.5868 26170 0.00144475
779 46.643 26250 0.00144916
780 46.6992 26203 0.00144657
781 46.7553 26482 0.00146197
782 46.8115 26317 0.00145286
783 46.8677 26317 0.00145286
784 46.9238 26352 0.00145479
785 46.98 26182 0.00144541
786 47.0362 26257 0.00144955
787 47.0923 26588 0.00146782
788 47.1485 26286 0.00145115
789 47.2047 26457 0.00146059
790 47.2609 26109 0.00144138
791 47.317 26360 0.00145524
792 47.3732 26517 0.0014639
793 47.4294 26585 0.00146766
794 47.4855 26700 0.00147401
795 47.5417 26205 0.00144668
796 47.5979 26274 0.00145049
797 47.654 25968 0.0014336
798 47.7102 26254 0.00144938
799 47.7664 26532 0.00146473
800 47.8225 26212 0.00144707
801 47.8787 26393 0.00145706
802 47.9349 26323 0.00145319
803 47.991 25761 0.00142217
804 48.0472 26560 0.00146628
805 48.1034 26411 0.00145805
806 48.1596 26104 0.0014411
807 48.2157 26520 0.00146407
808 48.2719 26138 0.00144298
809 48.3281 26101 0.00144094
810 48.3842 26163 0.00144436
811 48.4404 26143 0.00144326
812 48.4966 26169 0.00144469
813 48.5527 26256 0.0014495
814 48.6089 26519 0.00146401
815 48.6651 26228 0.00144795
816 48.7212 26463 0.00146092
817 48.7774 26108 0.00144132
818 48.8336 26205 0.00144668
819 48.8897 26369 0.00145573
820 48.9459 26295 0.00145165
821 49.0021 26261 0.00144977
822 49.0583 26167 0.00144458
823 49.1144 26355 0.00145496
824 49.1706 26227 0.00144789
825 49.2268 26294 0.00145159
826 49.2829 25976 0.00143404
827 49.3391 26295 0.00145165
828 49.3953 26208 0.00144685
829 49.4514 26434 0.00145932
830 49.5076 26173 0.00144491
831 49.5638 26227 0.00144789
832 49.6199 26306 0.00145226
833 49.6761 26417 0.00145838
834 49.7323 26301 0.00145198
835 49.7884 25969 0.00143365
836 49.8446 26173 0.00144491
837 49.9008 26340 0.00145413
838 49.957 26387 0.00145673
839 50.0131 26212 0.00144707
840 50.0693 26362 0.00145535
841 50.1255 26594 0.00146815
842 50.1816 26429 0.00145905
843 50.2378 26441 0.00145971
844 50.294 26509 0.00146346
845 50.3501 26359 0.00145518
846 50.4063 26401 0.0014575
847 50.4625 26136 0.00144287
848 50.5186 26385 0.00145662
849 50.5748 26368 0.00145568
850 50.631 26381 0.0014564
851 50.6871 26255 0.00144944
852 50.7433 26344 0.00145435
853 50.7995 26245 0.00144889
854 50.8557 26167 0.00144458
855 50.9118 26407 0.00145783
856 50.968 25973 0.00143387
857 51.0242 26366 0.00145557
858 51.0803 26163 0.00144436
859 51.1365 26202 0.00144651
860 51.1927 26140 0.00144309
861 51.2488 26173 0.00144491
862 51.305 26588 0.00146782
863 51.3612 26024 0.00143669
864 51.4173 26085 0.00144005
865 51.4735 26383 0.00145651
866 51.5297 26191 0.00144591
867 51.5858 26231 0.00144811
868 51.642 26149 0.00144359
869 51.6982 26048 0.00143801
870 51.7544 26242 0.00144872
871 51.8105 26066 0.00143901
872 51.8667 26267 0.0014501
873 51.9229 26162 0.00144431
874 51.979 26311 0.00145253
875 52.0352 26376 0.00145612
876 52.0914 25930 0.0014315
877 52.1475 26008 0.0014358
878 52.2037 25982 0.00143437
879 52.2599 26003 0.00143553
880 52.316 25911 0.00143045
881 52.3722 26159 0.00144414
882 52.4284 26534 0.00146484
883 52.4845 26296 0.0014517
884 52.5407 26134 0.00144276
885 52.5969 26277 0.00145065
886 52.6531 26327 0.00145341
887 52.7092 26550 0.00146573
888 52.7654 26531 0.00146468
889 52.8216 26260 0.00144972
890 52.8777 26542 0.00146528
891 52.9339 26519 0.00146401
892 52.9901 26869 0.00148334
893 53.0462 26585 0.00146766
894 53.1024 26836 0.00148151
895 53.1586 27067 0.00149427
896 53.2147 26972 0.00148902
897 53.2709 26851 0.00148234
898 53.3271 27084 0.00149521
899 53.3832 27032 0.00149234
900 53.4394 27150 0.00149885
901 53.4956 27180 0.00150051
902 53.5518 27093 0.0014957
903 53.6079 27257 0.00150476
904 53.6641 26952 0.00148792
905 53.7203 27041 0.00149283
906 53.7764 26755 0.00147704
907 53.8326 26643 0.00147086
908 53.8888 26919 0.0014861
909 53.9449 26625 0.00146987
910 54.0011 26408 0.00145789
911 54.0573 26431 0.00145916
912 54.1134 26203 0.00144657
913 54.1696 26113 0.0014416
914 54.2258 25923 0.00143111
915 54.2819 25843 0.00142669
916 54.3381 25764 0.00142233
917 54.3943 25804 0.00142454
918 54.4505 25559 0.00141102
919 54.5066 25399 0.00140218
920 54.5628 26087 0.00144017
921 54.619 25390 0.00140169
922 54.6751 25371 0.00140064
923 54.7313 25381 0.00140119
924 54.7875 25323 0.00139799
925 54.8436 25451 0.00140505
926 54.8998 25674 0.00141737
927 54.956 25432 0.00140401
928 55.0121 25402 0.00140235
929 55.0683 25707 0.00141919
930 55.1245 25741 0.00142106
931 55.1806 25903 0.00143001
932 55.2368 25891 0.00142934
933 55.293 26220 0.00144751
934 55.3492 26144 0.00144331
935 55.4053 26755 0.00147704
936 55.4615 27190 0.00150106
937 55.5177 27182 0.00150062
938 55.5738 27504 0.00151839
939 55.63 27578 0.00152248
940 55.6862 27838 0.00153683
941 55.7423 27980 0.00154467
942 55.7985 27724 0.00153054
943 55.8547 27698 0.0015291
944 55.9108 27786 0.00153396
945 55.967 27493 0.00151779
946 56.0232 26934 0.00148692
947 56.0793 26737 0.00147605
948 56.1355 25872 0.0014283
949 56.1917 25627 0.00141477
950 56.2479 24916 0.00137552
951 56.304 24752 0.00136646
952 56.3602 24740 0.0013658
953 56.4164 24031 0.00132666
954 56.4725 23911 0.00132004
955 56.5287 23755 0.00131142
956 56.5849 23920 0.00132053
957 56.641 23347 0.0012889
958 56.6972 23639 0.00130502
959 56.7534 23608 0.00130331
960 56.8095 23182 0.00127979
961 56.8657 23217 0.00128172
962 56.9219 22818 0.0012597
963 56.978 22320 0.0012322
964 57.0342 21832 0.00120526
965 57.0904 21772 0.00120195
966 57.1466 20982 0.00115834
967 57.2027 21181 0.00116932
968 57.2589 21846 0.00120604
969 57.3151 22531 0.00124385
970 57.3712 24396 0.00134681
971 57.4274 26091 0.00144039
972 57.4836 28503 0.00157354
973 57.5397 31044 0.00171382
974 57.5959 34310 0.00189413
975 57.6521 36910 0.00203766
976 57.7082 40005 0.00220853
977 57.7644 41990 0.00231811
978 57.8206 43632 0.00240876
979 57.8767 45464 0.0025099
980 57.9329 45591 0.00251691
981 57.9891 45450 0.00250912
982 58.0453 44641 0.00246446
983 58.1014 43696 0.00241229
984 58.1576 41550 0.00229382
985 58.2138 39394 0.00217479
986 58.2699 37084 0.00204727
987 58.3261 34513 0.00190533
988 58.3823 32177 0.00177637
989 58.4384 29808 0.00164559
990 58.4946 27742 0.00153153
991 58.5508 26184 0.00144552
992 58.6069 24236 0.00133798
993 58.6631 23037 0.00127179
994 58.7193 21773 0.00120201
995 58.7754 20694 0.00114244
996 58.8316 19075 0.00105306
997 58.8878 17095 0.000943751
998 58.944 15195 0.000838859
999 59.0001 13416 0.000740647
1000 59.0563 11289 0.000623223
