1 2.94371 0 0
2 2.99988 0 0
3 3.05605 0 0
4 3.11222 0 0
5 3.16839 0 0
6 3.22456 0 0
7 3.28072 1 4.91399e-07
8 3.33689 5 2.45699e-06
9 3.39306 13 6.38818e-06
10 3.44923 68 3.34151e-05
11 3.5054 202 9.92625e-05
12 3.56157 538 0.000264372
13 3.61774 1394 0.00068501
14 3.67391 2998 0.00147321
15 3.73007 6067 0.00298132
16 3.78624 10737 0.00527615
17 3.84241 17244 0.00847368
18 3.89858 25641 0.0126
19 3.95475 33778 0.0165985
20 4.01092 40248 0.0197778
21 4.06709 43175 0.0212161
22 4.12326 41605 0.0204446
23 4.17942 36899 0.0181321
24 4.23559 29185 0.0143415
25 4.29176 20543 0.0100948
26 4.34793 13482 0.00662504
27 4.4041 7854 0.00385944
28 4.46027 4089 0.00200933
29 4.51644 2018 0.000991642
30 4.57261 850 0.000417689
31 4.62877 353 0.000173464
32 4.68494 118 5.7985e-05
33 4.74111 49 2.40785e-05
34 4.79728 9 4.42259e-06
35 4.85345 3 1.4742e-06
36 4.90962 2 9.82797e-07
37 4.96579 0 0
38 5.02196 0 0
39 5.07812 0 0
40 5.13429 0 0
41 5.19046 0 0
42 5.24663 0 0
43 5.3028 0 0
44 5.35897 0 0
45 5.41514 0 0
46 5.47131 0 0
47 5.52747 0 0
48 5.58364 0 0
49 5.63981 0 0
50 5.69598 0 0
51 5.75215 0 0
52 5.80832 0 0
53 5.86449 0 0
54 5.92066 0 0
55 5.97682 0 0
56 6.03299 0 0
57 6.08916 0 0
58 6.14533 0 0
59 6.2015 0 0
60 6.25767 0 0
61 6.31384 0 0
62 6.37001 0 0
63 6.42617 1 4.91399e-07
64 6.48234 4 1.96559e-06
65 6.53851 24 1.17936e-05
66 6.59468 85 4.17689e-05
67 6.65085 303 0.000148894
68 6.70702 864 0.000424568
69 6.76319 2207 0.00108452
70 6.81936 5017 0.00246535
71 6.87552 10170 0.00499752
72 6.93169 18626 0.00915279
73 6.98786 28605 0.0140565
74 7.04403 39337 0.0193301
75 7.1002 47033 0.0231119
76 7.15637 49382 0.0242662
77 7.21254 45447 0.0223326
78 7.26871 36139 0.0177587
79 7.32487 25275 0.0124201
80 7.38104 15446 0.00759014
81 7.43721 8385 0.00412038
82 7.49338 4138 0.00203341
83 7.54955 1677 0.000824075
84 7.60572 684 0.000336117
85 7.66189 233 0.000114496
86 7.71806 63 3.09581e-05
87 7.77422 18 8.84517e-06
88 7.83039 3 1.4742e-06
89 7.88656 2 9.82797e-07
90 7.94273 0 0
91 7.9989 0 0
92 8.05507 0 0
93 8.11124 0 0
94 8.16741 0 0
95 8.22357 0 0
96 8.27974 0 0
97 8.33591 0 0
98 8.39208 0 0
99 8.44825 0 0
100 8.50442 0 0
101 8.56059 0 0
102 8.61676 0 0
103 8.67292 0 0
104 8.72909 0 0
105 8.78526 0 0
106 8.84143 0 0
107 8.8976 0 0
108 8.95377 0 0
109 9.00994 0 0
110 9.0661 0 0
111 9.12227 0 0
112 9.17844 0 0
113 9.23461 0 0
114 9.29078 0 0
115 9.34695 0 0
116 9.40312 0 0
117 9.45929 1 4.91399e-07
118 9.51545 3 1.4742e-06
119 9.57162 20 9.82797e-06
120 9.62779 92 4.52087e-05
121 9.68396 350 0.000171989
122 9.74013 895 0.000439802
123 9.7963 2464 0.00121081
124 9.85247 5911 0.00290466
125 9.90864 11712 0.00575526
126 9.9648 20867 0.010254
127 10.021 32473 0.0159572
128 10.0771 43279 0.0212672
129 10.1333 50443 0.0247876
130 10.1895 50387 0.0247601
131 10.2456 43774 0.0215105
132 10.3018 32964 0.0161985
133 10.358 21296 0.0104648
134 10.4142 12096 0.00594396
135 10.4703 6007 0.00295183
136 10.5265 2704 0.00132874
137 10.5827 937 0.00046044
138 10.6388 349 0.000171498
139 10.695 109 5.35624e-05
140 10.7512 31 1.52334e-05
141 10.8073 2 9.82797e-07
142 10.8635 2 9.82797e-07
143 10.9197 0 0
144 10.9758 0 0
145 11.032 0 0
146 11.0882 0 0
147 11.1443 0 0
148 11.2005 0 0
149 11.2567 0 0
150 11.3129 0 0
151 11.369 0 0
152 11.4252 0 0
153 11.4814 0 0
154 11.5375 0 0
155 11.5937 0 0
156 11.6499 0 0
157 11.706 0 0
158 11.7622 0 0
159 11.8184 0 0
160 11.8745 0 0
161 11.9307 0 0
162 11.9869 0 0
163 12.043 0 0
164 12.0992 0 0
165 12.1554 0 0
166 12.2116 0 0
167 12.2677 0 0
168 12.3239 0 0
169 12.3801 0 0
170 12.4362 0 0
171 12.4924 0 0
172 12.5486 2 9.82797e-07
173 12.6047 12 5.89678e-06
174 12.6609 63 3.09581e-05
175 12.7171 167 8.20636e-05
176 12.7732 552 0.000271252
177 12.8294 1575 0.000773953
178 12.8856 3856 0.00189483
179 12.9417 8445 0.00414986
180 12.9979 16347 0.00803289
181 13.0541 26722 0.0131312
182 13.1103 38435 0.0188869
183 13.1664 48013 0.0235935
184 13.2226 51596 0.0253542
185 13.2788 48013 0.0235935
186 13.3349 38760 0.0190466
187 13.3911 26449 0.012997
188 13.4473 15784 0.00775623
189 13.5034 8222 0.00404028
190 13.5596 3930 0.0019312
191 13.6158 1479 0.000726778
192 13.6719 521 0.000256019
193 13.7281 176 8.64861e-05
194 13.7843 38 1.86731e-05
195 13.8404 8 3.93119e-06
196 13.8966 3 1.4742e-06
197 13.9528 0 0
198 14.009 0 0
199 14.0651 0 0
200 14.1213 0 0
201 14.1775 0 0
202 14.2336 0 0
203 14.2898 0 0
204 14.346 0 0
205 14.4021 0 0
206 14.4583 0 0
207 14.5145 0 0
208 14.5706 0 0
209 14.6268 0 0
210 14.683 0 0
211 14.7391 0 0
212 14.7953 0 0
213 14.8515 0 0
214 14.9077 0 0
215 14.9638 0 0
216 15.02 0 0
217 15.0762 0 0
218 15.1323 0 0
219 15.1885 0 0
220 15.2447 0 0
221 15.3008 0 0
222 15.357 0 0
223 15.4132 1 4.91399e-07
224 15.4693 1 4.91399e-07
225 15.5255 6 2.94839e-06
226 15.5817 10 4.91399e-06
227 15.6378 33 1.62162e-05
228 15.694 116 5.70022e-05
229 15.7502 413 0.000202948
230 15.8064 1113 0.000546927
231 15.8625 2710 0.00133169
232 15.9187 5974 0.00293561
233 15.9749 11769 0.00578327
234 16.031 20257 0.00995426
235 16.0872 30771 0.0151208
236 16.1434 40659 0.0199798
237 16.1995 47576 0.0233788
238 16.2557 48922 0.0240402
239 16.3119 43427 0.02134
240 16.368 34519 0.0169626
241 16.4242 23401 0.0114992
242 16.4804 14180 0.00696803
243 16.5365 7562 0.00371596
244 16.5927 3510 0.00172481
245 16.6489 1481 0.000727761
246 16.7051 538 0.000264372
247 16.7612 156 7.66582e-05
248 16.8174 53 2.60441e-05
249 16.8736 7 3.43979e-06
250 16.9297 1 4.91399e-07
251 16.9859 1 4.91399e-07
252 17.0421 1 4.91399e-07
253 17.0982 0 0
254 17.1544 0 0
255 17.2106 0 0
256 17.2667 0 0
257 17.3229 0 0
258 17.3791 0 0
259 17.4352 0 0
260 17.4914 0 0
261 17.5476 0 0
262 17.6038 0 0
263 17.6599 0 0
264 17.7161 0 0
265 17.7723 0 0
266 17.8284 0 0
267 17.8846 0 0
268 17.9408 0 0
269 17.9969 0 0
270 18.0531 0 0
271 18.1093 0 0
272 18.1654 0 0
273 18.2216 0 0
274 18.2778 0 0
275 18.3339 0 0
276 18.3901 0 0
277 18.4463 0 0
278 18.5025 0 0
279 18.5586 11 5.40538e-06
280 18.6148 26 1.27764e-05
281 18.671 78 3.83291e-05
282 18.7271 235 0.000115479
283 18.7833 525 0.000257984
284 18.8395 1325 0.000651103
285 18.8956 2856 0.00140343
286 18.9518 5706 0.00280392
287 19.008 10198 0.00501128
288 19.0641 16722 0.00821717
289 19.1203 24648 0.012112
290 19.1765 32904 0.016169
291 19.2326 39836 0.0195754
292 19.2888 43022 0.0211409
293 19.345 42377 0.020824
294 19.4012 37581 0.0184672
295 19.4573 29846 0.0146663
296 19.5135 21462 0.0105464
297 19.5697 13827 0.00679457
298 19.6258 8259 0.00405846
299 19.682 4368 0.00214643
300 19.7382 1956 0.000961176
301 19.7943 867 0.000426043
302 19.8505 370 0.000181817
303 19.9067 107 5.25796e-05
304 19.9628 39 1.91645e-05
305 20.019 14 6.87958e-06
306 20.0752 3 1.4742e-06
307 20.1313 0 0
308 20.1875 0 0
309 20.2437 0 0
310 20.2999 0 0
311 20.356 0 0
312 20.4122 0 0
313 20.4684 0 0
314 20.5245 0 0
315 20.5807 0 0
316 20.6369 0 0
317 20.693 0 0
318 20.7492 0 0
319 20.8054 0 0
320 20.8615 0 0
321 20.9177 0 0
322 20.9739 0 0
323 21.03 0 0
324 21.0862 0 0
325 21.1424 0 0
326 21.1986 0 0
327 21.2547 0 0
328 21.3109 0 0
329 21.3671 0 0
330 21.4232 0 0
331 21.4794 0 0
332 21.5356 0 0
333 21.5917 0 0
334 21.6479 0 0
335 21.7041 0 0
336 21.7602 0 0
337 21.8164 0 0
338 21.8726 0 0
339 21.9287 0 0
340 21.9849 0 0
341 22.0411 0 0
342 22.0973 0 0
343 22.1534 0 0
344 22.2096 0 0
345 22.2658 0 0
346 22.3219 0 0
347 22.3781 0 0
348 22.4343 0 0
349 22.4904 0 0
350 22.5466 0 0
351 22.6028 0 0
352 22.6589 0 0
353 22.7151 0 0
354 22.7713 0 0
355 22.8274 0 0
356 22.8836 0 0
357 22.9398 0 0
358 22.996 0 0
359 23.0521 0 0
360 23.1083 0 0
361 23.1645 0 0
362 23.2206 0 0
363 23.2768 0 0
364 23.333 0 0
365 23.3891 0 0
366 23.4453 0 0
367 23.5015 0 0
368 23.5576 0 0
369 23.6138 0 0
370 23.67 0 0
371 23.7261 0 0
372 23.7823 0 0
373 23.8385 0 0
374 23.8947 0 0
375 23.9508 0 0
376 24.007 0 0
377 24.0632 0 0
378 24.1193 0 0
379 24.1755 0 0
380 24.2317 0 0
381 24.2878 0 0
382 24.344 0 0
383 24.4002 0 0
384 24.4563 0 0
385 24.5125 0 0
386 24.5687 0 0
387 24.6248 0 0
388 24.681 0 0
389 24.7372 0 0
390 24.7934 0 0
391 24.8495 0 0
392 24.9057 0 0
393 24.9619 0 0
394 25.018 0 0
395 25.0742 0 0
396 25.1304 0 0
397 25.1865 0 0
398 25.2427 0 0
399 25.2989 0 0
400 25.355 0 0
401 25.4112 0 0
402 25.4674 0 0
403 25.5235 0 0
404 25.5797 0 0
405 25.6359 0 0
406 25.6921 0 0
407 25.7482 0 0
408 25.8044 0 0
409 25.8606 0 0
410 25.9167 0 0
411 25.9729 0 0
412 26.0291 0 0
413 26.0852 0 0
414 26.1414 0 0
415 26.1976 0 0
416 26.2537 0 0
417 26.3099 0 0
418 26.3661 0 0
419 26.4222 0 0
420 26.4784 0 0
421 26.5346 0 0
422 26.5908 0 0
423 26.6469 0 0
424 26.7031 0 0
425 26.7593 0 0
426 26.8154 0 0
427 26.8716 0 0
428 26.9278 0 0
429 26.9839 0 0
430 27.0401 0 0
431 27.0963 0 0
432 27.1524 0 0
433 27.2086 0 0
434 27.2648 0 0
435 27.3209 0 0
436 27.3771 0 0
437 27.4333 0 0
438 27.4895 0 0
439 27.5456 0 0
440 27.6018 0 0
441 27.658 0 0
442 27.7141 0 0
443 27.7703 0 0
444 27.8265 0 0
445 27.8826 0 0
446 27.9388 0 0
447 27.995 0 0
448 28.0511 0 0
449 28.1073 0 0
450 28.1635 0 0
451 28.2196 0 0
452 28.2758 0 0
453 28.332 0 0
454 28.3882 0 0
455 28.4443 0 0
456 28.5005 0 0
457 28.5567 0 0
458 28.6128 0 0
459 28.669 0 0
460 28.7252 0 0
461 28.7813 0 0
462 28.8375 0 0
463 28.8937 0 0
464 28.9498 0 0
465 29.006 0 0
466 29.0622 0 0
467 29.1183 0 0
468 29.1745 0 0
469 29.2307 0 0
470 29.2869 0 0
471 29.343 0 0
472 29.3992 0 0
473 29.4554 0 0
474 29.5115 0 0
475 29.5677 0 0
476 29.6239 0 0
477 29.68 0 0
478 29.7362 0 0
479 29.7924 0 0
480 29.8485 0 0
481 29.9047 0 0
482 29.9609 0 0
483 30.017 0 0
484 30.0732 0 0
485 30.1294 0 0
486 30.1856 0 0
487 30.2417 0 0
488 30.2979 0 0
489 30.3541 0 0
490 30.4102 0 0
491 30.4664 0 0
492 30.5226 0 0
493 30.5787 0 0
494 30.6349 0 0
495 30.6911 0 0
496 30.7472 0 0
497 30.8034 0 0
498 30.8596 0 0
499 30.9157 0 0
500 30.9719 0 0
501 31.0281 0 0
502 31.0843 0 0
503 31.1404 0 0
504 31.1966 0 0
505 31.2528 0 0
506 31.3089 0 0
507 31.3651 0 0
508 31.4213 0 0
509 31.4774 0 0
510 31.5336 0 0
511 31.5898 0 0
512 31.6459 0 0
513 31.7021 0 0
514 31.7583 0 0
515 31.8144 0 0
516 31.8706 0 0
517 31.9268 0 0
518 31.983 0 0
519 32.0391 0 0
520 32.0953 0 0
521 32.1515 0 0
522 32.2076 0 0
523 32.2638 0 0
524 32.32 0 0
525 32.3761 0 0
526 32.4323 0 0
527 32.4885 0 0
528 32.5446 0 0
529 32.6008 0 0
530 32.657 0 0
531 32.7131 0 0
532 32.7693 0 0
533 32.8255 0 0
534 32.8817 0 0
535 32.9378 0 0
536 32.994 0 0
537 33.0502 0 0
538 33.1063 0 0
539 33.1625 0 0
540 33.2187 0 0
541 33.2748 0 0
542 33.331 0 0
543 33.3872 0 0
544 33.4433 0 0
545 33.4995 0 0
546 33.5557 0 0
547 33.6118 0 0
548 33.668 0 0
549 33.7242 0 0
550 33.7804 0 0
551 33.8365 0 0
552 33.8927 0 0
553 33.9489 0 0
554 34.005 0 0
555 34.0612 0 0
556 34.1174 0 0
557 34.1735 0 0
558 34.2297 0 0
559 34.2859 0 0
560 34.342 0 0
561 34.3982 0 0
562 34.4544 0 0
563 34.5105 0 0
564 34.5667 0 0
565 34.6229 0 0
566 34.6791 0 0
567 34.7352 0 0
568 34.7914 0 0
569 34.8476 0 0
570 34.9037 0 0
571 34.9599 0 0
572 35.0161 0 0
573 35.0722 0 0
574 35.1284 0 0
575 35.1846 0 0
576 35.2407 0 0
577 35.2969 0 0
578 35.3531 0 0
579 35.4092 0 0
580 35.4654 0 0
581 35.5216 0 0
582 35.5778 0 0
583 35.6339 0 0
584 35.6901 0 0
585 35.7463 0 0
586 35.8024 0 0
587 35.8586 0 0
588 35.9148 0 0
589 35.9709 0 0
590 36.0271 0 0
591 36.0833 0 0
592 36.1394 0 0
593 36.1956 0 0
594 36.2518 0 0
595 36.3079 0 0
596 36.3641 0 0
597 36.4203 0 0
598 36.4765 0 0
599 36.5326 0 0
600 36.5888 0 0
601 36.645 0 0
602 36.7011 0 0
603 36.7573 0 0
604 36.8135 0 0
605 36.8696 0 0
606 36.9258 0 0
607 36.982 0 0
608 37.0381 0 0
609 37.0943 0 0
610 37.1505 0 0
611 37.2066 0 0
612 37.2628 0 0
613 37.319 0 0
614 37.3752 0 0
615 37.4313 0 0
616 37.4875 0 0
617 37.5437 0 0
618 37.5998 0 0
619 37.656 0 0
620 37.7122 0 0
621 37.7683 0 0
622 37.8245 0 0
623 37.8807 0 0
624 37.9368 0 0
625 37.993 0 0
626 38.0492 0 0
627 38.1053 0 0
628 38.1615 0 0
629 38.2177 0 0
630 38.2739 0 0
631 38.33 0 0
632 38.3862 0 0
633 38.4424 0 0
634 38.4985 0 0
635 38.5547 0 0
636 38.6109 0 0
637 38.667 0 0
638 38.7232 0 0
639 38.7794 0 0
640 38.8355 0 0
641 38.8917 0 0
642 38.9479 0 0
643 39.004 0 0
644 39.0602 0 0
645 39.1164 0 0
646 39.1726 0 0
647 39.2287 0 0
648 39.2849 0 0
649 39.3411 0 0
650 39.3972 0 0
651 39.4534 0 0
652 39.5096 0 0
653 39.5657 0 0
654 39.6219 0 0
655 39.6781 0 0
656 39.7342 0 0
657 39.7904 0 0
658 39.8466 0 0
659 39.9027 0 0
660 39.9589 0 0
661 40.0151 0 0
662 40.0713 0 0
663 40.1274 0 0
664 40.1836 0 0
665 40.2398 0 0
666 40.2959 0 0
667 40.3521 0 0
668 40.4083 0 0
669 40.4644 0 0
670 40.5206 0 0
671 40.5768 0 0
672 40.6329 0 0
673 40.6891 0 0
674 40.7453 0 0
675 40.8014 0 0
676 40.8576 0 0
677 40.9138 0 0
678 40.97 0 0
679 41.0261 0 0
680 41.0823 0 0
681 41.1385 0 0
682 41.1946 0 0
683 41.2508 0 0
684 41.307 0 0
685 41.3631 0 0
686 41.4193 0 0
687 41.4755 0 0
688 41.5316 0 0
689 41.5878 0 0
690 41.644 0 0
691 41.7001 0 0
692 41.7563 0 0
693 41.8125 0 0
694 41.8687 0 0
695 41.9248 0 0
696 41.981 0 0
697 42.0372 0 0
698 42.0933 0 0
699 42.1495 0 0
700 42.2057 0 0
701 42.2618 0 0
702 42.318 0 0
703 42.3742 0 0
704 42.4303 0 0
705 42.4865 0 0
706 42.5427 0 0
707 42.5988 0 0
708 42.655 0 0
709 42.7112 0 0
710 42.7674 0 0
711 42.8235 0 0
712 42.8797 0 0
713 42.9359 0 0
714 42.992 0 0
715 43.0482 0 0
716 43.1044 0 0
717 43.1605 0 0
718 43.2167 0 0
719 43.2729 0 0
720 43.329 0 0
721 43.3852 0 0
722 43.4414 0 0
723 43.4975 0 0
724 43.5537 0 0
725 43.6099 0 0
726 43.6661 0 0
727 43.7222 0 0
728 43.7784 0 0
729 43.8346 0 0
730 43.8907 0 0
731 43.9469 0 0
732 44.0031 0 0
733 44.0592 0 0
734 44.1154 0 0
735 44.1716 0 0
736 44.2277 0 0
737 44.2839 0 0
738 44.3401 0 0
739 44.3962 0 0
740 44.4524 0 0
741 44.5086 0 0
742 44.5648 0 0
743 44.6209 0 0
744 44.6771 0 0
745 44.7333 0 0
746 44.7894 0 0
747 44.8456 0 0
748 44.9018 0 0
749 44.9579 0 0
750 45.0141 0 0
751 45.0703 0 0
752 45.1264 0 0
753 45.1826 0 0
754 45.2388 0 0
755 45.2949 0 0
756 45.3511 0 0
757 45.4073 0 0
758 45.4635 0 0
759 45.5196 0 0
760 45.5758 0 0
761 45.632 0 0
762 45.6881 0 0
763 45.7443 0 0
764 45.8005 0 0
765 45.8566 0 0
766 45.9128 0 0
767 45.969 0 0
768 46.0251 0 0
769 46.0813 0 0
770 46.1375 0 0
771 46.1936 0 0
772 46.2498 0 0
773 46.306 0 0
774 46.3622 0 0
775 46.4183 0 0
776 46.4745 0 0
777 46.5307 0 0
778 46.5868 0 0
779 46.643 0 0
780 46.6992 0 0
781 46.7553 0 0
782 46.8115 0 0
783 46.8677 0 0
784 46.9238 0 0
785 46.98 0 0
786 47.0362 0 0
787 47.0923 0 0
788 47.1485 0 0
789 47.2047 0 0
790 47.2609 0 0
791 47.317 0 0
792 47.3732 0 0
793 47.4294 0 0
794 47.4855 0 0
795 47.5417 0 0
796 47.5979 0 0
797 47.654 0 0
798 47.7102 0 0
799 47.7664 0 0
800 47.8225 0 0
801 47.8787 0 0
802 47.9349 0 0
803 47.991 0 0
804 48.0472 0 0
805 48.1034 0 0
806 48.1596 0 0
807 48.2157 0 0
808 48.2719 0 0
809 48.3281 0 0
810 48.3842 0 0
811 48.4404 0 0
812 48.4966 0 0
813 48.5527 0 0
814 48.6089 0 0
815 48.6651 0 0
816 48.7212 0 0
817 48.7774 0 0
818 48.8336 0 0
819 48.8897 0 0
820 48.9459 0 0
821 49.0021 0 0
822 49.0583 0 0
823 49.1144 0 0
824 49.1706 0 0
825 49.2268 0 0
826 49.2829 0 0
827 49.3391 0 0
828 49.3953 0 0
829 49.4514 0 0
830 49.5076 0 0
831 49.5638 0 0
832 49.6199 0 0
833 49.6761 0 0
834 49.7323 0 0
835 49.7884 0 0
836 49.8446 0 0
837 49.9008 0 0
838 49.957 0 0
839 50.0131 0 0
840 50.0693 0 0
841 50.1255 0 0
842 50.1816 0 0
843 50.2378 0 0
844 50.294 0 0
845 50.3501 0 0
846 50.4063 0 0
847 50.4625 0 0
848 50.5186 0 0
849 50.5748 0 0
850 50.631 0 0
851 50.6871 0 0
852 50.7433 0 0
853 50.7995 0 0
854 50.8557 0 0
855 50.9118 0 0
856 50.968 0 0
857 51.0242 0 0
858 51.0803 0 0
859 51.1365 0 0
860 51.1927 0 0
861 51.2488 0 0
862 51.305 0 0
863 51.3612 0 0
864 51.4173 0 0
865 51.4735 0 0
866 51.5297 0 0
867 51.5858 0 0
868 51.642 0 0
869 51.6982 0 0
870 51.7544 0 0
871 51.8105 0 0
872 51.8667 0 0
873 51.9229 0 0
874 51.979 0 0
875 52.0352 0 0
876 52.0914 0 0
877 52.1475 0 0
878 52.2037 0 0
879 52.2599 0 0
880 52.316 0 0
881 52.3722 0 0
882 52.4284 0 0
883 52.4845 0 0
884 52.5407 0 0
885 52.5969 0 0
886 52.6531 0 0
887 52.7092 0 0
888 52.7654 0 0
889 52.8216 0 0
890 52.8777 0 0
891 52.9339 0 0
892 52.9901 0 0
893 53.0462 0 0
894 53.1024 0 0
895 53.1586 0 0
896 53.2147 0 0
897 53.2709 0 0
898 53.3271 0 0
899 53.3832 0 0
900 53.4394 0 0
901 53.4956 0 0
902 53.5518 0 0
903 53.6079 0 0
904 53.6641 0 0
905 53.7203 0 0
906 53.7764 0 0
907 53.8326 0 0
908 53.8888 0 0
909 53.9449 0 0
910 54.0011 0 0
911 54.0573 0 0
912 54.1134 0 0
913 54.1696 0 0
914 54.2258 0 0
915 54.2819 0 0
916 54.3381 0 0
917 54.3943 0 0
918 54.4505 0 0
919 54.5066 0 0
920 54.5628 0 0
921 54.619 0 0
922 54.6751 0 0
923 54.7313 0 0
924 54.7875 0 0
925 54.8436 0 0
926 54.8998 0 0
927 54.956 0 0
928 55.0121 0 0
929 55.0683 0 0
930 55.1245 0 0
931 55.1806 0 0
932 55.2368 0 0
933 55.293 0 0
934 55.3492 0 0
935 55.4053 0 0
936 55.4615 0 0
937 55.5177 0 0
938 55.5738 0 0
939 55.63 0 0
940 55.6862 0 0
941 55.7423 0 0
942 55.7985 0 0
943 55.8547 0 0
944 55.9108 0 0
945 55.967 0 0
946 56.0232 0 0
947 56.0793 0 0
948 56.1355 0 0
949 56.1917 0 0
950 56.2479 0 0
951 56.304 0 0
952 56.3602 0 0
953 56.4164 0 0
954 56.4725 0 0
955 56.5287 0 0
956 56.5849 0 0
957 56.641 0 0
958 56.6972 0 0
959 56.7534 0 0
960 56.8095 0 0
961 56.8657 0 0
962 56.9219 0 0
963 56.978 0 0
964 57.0342 0 0
965 57.0904 0 0
966 57.1466 0 0
967 57.2027 0 0
968 57.2589 0 0
969 57.3151 0 0
970 57.3712 0 0
971 57.4274 0 0
972 57.4836 0 0
973 57.5397 0 0
974 57.5959 0 0
975 57.6521 0 0
976 57.7082 0 0
977 57.7644 0 0
978 57.8206 0 0
979 57.8767 0 0
980 57.9329 0 0
981 57.9891 0 0
982 58.0453 0 0
983 58.1014 0 0
984 58.1576 0 0
985 58.2138 0 0
986 58.2699 0 0
987 58.3261 0 0
988 58.3823 0 0
989 58.4384 0 0
990 58.4946 0 0
991 58.5508 0 0
992 58.6069 0 0
993 58.6631 0 0
994 58.7193 0 0
995 58.7754 0 0
996 58.8316 0 0
997 58.8878 0 0
998 58.944 0 0
999 59.0001 0 0
1000 59.0563 0 0
