1.94242 0.02288
2.01916 0.09228
2.04940 0.13457
2.05626 0.16722
2.08424 0.19772
2.08557 0.23897
2.10668 0.32050
2.11368 0.34904
2.12097 0.36812
2.13545 0.40942
2.14080 0.49035
2.15086 0.52156
2.16242 0.55564
2.16477 0.58109
2.17595 0.62707
2.18935 0.70297
2.19650 0.72641
2.20146 0.80024
2.23499 0.93564
2.24602 0.98553
2.32892 1.03290
2.37189 0.98906
2.39507 0.93734
2.41436 0.90943
2.43669 0.86868
2.45362 0.83240
2.45466 0.79947
2.46811 0.73425
2.47113 0.77770
2.48187 0.68728
2.49054 0.66272
2.49934 0.63370
2.50012 0.60914
2.52037 0.55072
2.52650 0.52319
2.55148 0.48188
2.56076 0.43779
2.57744 0.40932
2.60994 0.37992
2.61716 0.31768
2.63661 0.28485
2.65354 0.24857
2.69146 0.21418
2.82093 0.19648
2.96673 0.20329
3.07425 0.17235
3.13002 0.15582
3.26514 0.12575
3.38315 0.13790
3.53072 0.21377
3.61563 0.27459
3.63845 0.30168
3.66938 0.32201
3.71536 0.36554
3.77708 0.41092
3.85396 0.47564
3.96238 0.54184
4.02481 0.56438
4.15015 0.59420
4.29469 0.58738
4.40390 0.55670
4.46769 0.53615
4.53197 0.49997
4.59618 0.46580
4.65218 0.44207
4.70802 0.42336
4.78825 0.38204
4.86812 0.35211
4.95577 0.32545
5.05119 0.30301
5.24594 0.27317
5.40761 0.26328
5.58115 0.26639
5.72658 0.28491
5.88301 0.31122
5.99734 0.33391
6.13058 0.36340
6.28754 0.39175
6.46080 0.40388
6.63452 0.40132
6.80859 0.38748
6.97151 0.36997
7.08562 0.36255
7.31530 0.33747
7.59725 0.33533
7.73356 0.33906
7.96870 0.34100
8.08061 0.34615
8.41972 0.35495
8.59323 0.35887
8.76679 0.36147
8.94040 0.36224
9.11411 0.35997
9.28790 0.35516
9.48500 0.34783
9.71211 0.33709
9.92214 0.32816
10.02276 0.32841
10.25551 0.33115
10.43868 0.33278
10.69666 0.34389
10.88407 0.34641
11.21648 0.35084
11.43470 0.35519
11.60821 0.35931
11.75024 0.36077

