1.37374 0.03582
1.43632 0.05350
1.49024 0.09591
1.51319 0.11897
1.55411 0.15609
1.57445 0.17849
1.61024 0.29535
1.67040 0.38999
1.67757 0.41287
1.72166 0.51667
1.73111 0.55053
1.75031 0.60931
1.76858 0.63074
1.77467 0.67107
1.79471 0.70306
1.81720 0.74101
1.82340 0.79459
1.84529 0.85151
1.86037 0.87383
1.87057 0.90084
1.89778 0.93884
1.91248 0.97344
1.93027 1.01054
2.00435 1.05863
2.06074 1.02727
2.08196 0.99447
2.11831 0.95377
2.12018 0.89424
2.17068 0.79451
2.19022 0.67535
2.20402 0.63808
2.25581 0.59753
2.27569 0.55115
2.28595 0.51766
2.30278 0.48445
2.31544 0.45849
2.33725 0.41764
2.35738 0.37979
2.37426 0.34518
2.41567 0.28323
2.42758 0.25599
2.45669 0.23373
2.48370 0.21140
2.57751 0.15668
2.71195 0.14810
2.82960 0.17179
2.86827 0.19695
2.93818 0.23260
2.99279 0.25296
3.03146 0.27807
3.07803 0.30289
3.13254 0.32660
3.21812 0.36565
3.28519 0.39198
3.37315 0.39908
3.42394 0.38660
3.46273 0.36782
3.51044 0.35665
3.55097 0.32260
3.60756 0.28006
3.65555 0.25988
3.71988 0.22210
3.84687 0.19960
3.99641 0.21297
4.08256 0.23430
4.14488 0.26029
4.20726 0.28469
4.26155 0.31491
4.32382 0.34252
4.35690 0.36501
4.40120 0.39161
4.44795 0.41114
4.50997 0.44656
4.60224 0.47387
4.66824 0.43341
4.74381 0.47735
4.83304 0.46351
4.93685 0.42498
5.02450 0.39873
5.13576 0.37452
5.29252 0.35365
5.46844 0.33663
5.64255 0.32188
5.75336 0.31188
6.00978 0.28625
6.19898 0.27908
6.39039 0.28379
6.55892 0.29560
6.74787 0.31088
6.92104 0.32565
7.12587 0.33768
7.24419 0.33991
7.39407 0.34239
7.76769 0.34138
7.90979 0.34017
8.08888 0.33410
8.25472 0.33115
8.46008 0.32642
8.75502 0.32483
9.05203 0.32650
9.22561 0.32839
9.34402 0.32773
9.69929 0.32453
9.87818 0.32472
9.99920 0.32485
10.29198 0.32627
10.65717 0.33154
10.95948 0.33325
11.26184 0.33319
11.64008 0.32419
11.89211 0.32235

