1.43134 0.01131
1.55559 0.02557
1.62576 0.05309
1.68017 0.07968
1.74179 0.12794
1.78357 0.15478
1.83398 0.20801
1.84126 0.22754
1.87671 0.27144
1.88641 0.29748
1.88867 0.32621
1.92209 0.36750
1.93068 0.39570
1.93279 0.42889
1.97180 0.49205
1.98779 0.58712
1.98860 0.56126
2.01031 0.62376
2.03335 0.64422
2.04358 0.67717
2.04698 0.71238
2.07646 0.77890
2.08050 0.75077
2.10006 0.81986
2.12114 0.86373
2.19922 0.87151
2.25017 0.85368
2.26416 0.83356
2.29712 0.78964
2.31359 0.76769
2.36878 0.68795
2.41358 0.60023
2.45550 0.52209
2.48006 0.49418
2.51573 0.42244
2.56380 0.34124
2.63326 0.29056
2.71031 0.24422
2.77168 0.25650
2.85285 0.28558
2.91981 0.36482
2.95673 0.39547
2.99357 0.45084
3.08846 0.52306
3.16708 0.54537
3.23725 0.51019
3.26435 0.48507
3.32699 0.41734
3.35219 0.36897
3.38471 0.33910
3.43369 0.28746
3.44265 0.25342
3.48317 0.22011
3.53979 0.17638
3.62838 0.12021
3.76421 0.09540
3.94682 0.09620
4.06263 0.11543
4.15652 0.14145
4.25816 0.17209
4.32058 0.19499
4.39839 0.23032
4.45288 0.25431
4.53826 0.30017
4.61594 0.33966
4.67814 0.36956
4.72496 0.38652
4.79484 0.42315
4.90432 0.45555
5.06582 0.47884
5.22457 0.46175
5.34679 0.44024
5.44260 0.40534
5.56186 0.37790
5.67312 0.35371
5.76058 0.33308
6.01342 0.28880
6.16805 0.27659
6.33887 0.26571
6.51261 0.26233
6.68609 0.26756
6.85942 0.27726
7.03257 0.29265
7.20565 0.31047
7.33146 0.32566
7.59195 0.35239
7.73307 0.35473
7.93039 0.35435
8.10399 0.35553
8.30560 0.34470
8.44387 0.33981
8.71008 0.32443
8.91024 0.31760
9.06567 0.31114
9.25583 0.30863
9.44725 0.30764
9.62091 0.30709
9.79447 0.30959
9.96807 0.31087
10.14154 0.31611
10.31497 0.32275
10.48852 0.32567
10.62264 0.32735
10.85961 0.32136
11.13529 0.33920
11.34855 0.33426
11.69587 0.33269
11.90909 0.32911

