1.40023 0.11351
1.48743 0.14917
1.51935 0.17404
1.54996 0.20445
1.61218 0.23355
1.66565 0.29028
1.71109 0.35091
1.71805 0.38049
1.72534 0.39984
1.74004 0.43421
1.76261 0.46922
1.76970 0.49471
1.77691 0.51666
1.79157 0.55226
1.81444 0.57804
1.82397 0.63321
1.84242 0.69189
1.87270 0.73274
1.88735 0.76890
1.90034 0.81223
1.92449 0.84256
1.94276 0.87777
1.97739 0.91734
2.03085 0.94610
2.17467 0.91841
2.24098 0.81793
2.26040 0.74417
2.28116 0.70377
2.31978 0.66236
2.32024 0.62832
2.35034 0.60315
2.36492 0.57011
2.37593 0.54276
2.40044 0.51607
2.41709 0.48861
2.44161 0.46200
2.46396 0.43263
2.51133 0.40361
2.69006 0.34202
2.85879 0.34764
3.03136 0.36470
3.18616 0.37807
3.38147 0.38607
3.55683 0.38708
3.73065 0.38130
3.90458 0.37209
4.07865 0.35856
4.24642 0.34432
4.42690 0.32743
4.60099 0.31318
4.77498 0.30218
4.94889 0.29332
5.12266 0.28922
5.29632 0.28857
5.46983 0.29249
5.64325 0.29966
5.81435 0.30862
5.98991 0.31926
6.16327 0.32795
6.33658 0.33847
6.50999 0.34553
6.68344 0.35158
6.84907 0.35535
7.07800 0.35383
7.25173 0.35105
7.41921 0.34607
7.84992 0.33177
8.03655 0.32513
8.18406 0.31928
8.35788 0.31366
8.53332 0.31225
8.70523 0.31125
8.80780 0.31250
8.99732 0.30939
9.19837 0.31604
9.38605 0.31771
9.51791 0.31960
9.73748 0.33174
9.96899 0.33735
10.14080 0.33955
10.31443 0.34002
10.48806 0.34018
10.69342 0.33521
10.86699 0.33766
11.03285 0.33388
11.17501 0.33095
11.56212 0.31914
11.79107 0.31723

